0.000000 0.000000 0.000000 0.000000 0.000000 0.000000 0.000000 0.000000 0.000000 0.000000 0.000000 0.000000 0.000000 0.000000 0.000000 0.000000 0.000000 0.000000 0.000000 0.000000 0.000000 0.000000 0.000000 0.000000 0.000000 0.000000 0.000000 0.000000 0.000000 0.000000 0.000000 0.000000 0.000000 0.000000 0.000000 0.000000 0.000000 0.000000 0.000000 0.000000 0.000000 0.000000 0.000000 0.000000 0.000000 0.000000 0.000000 0.000000 0.000000 0.000000 0.000000 
0.000000 0.000000 0.000000 0.000000 0.000000 0.000000 0.000000 0.000000 0.000000 0.000000 0.000000 0.000000 0.000000 0.000000 0.000000 0.000000 0.000000 0.000000 0.000000 0.000000 0.000000 0.000000 0.000000 0.000000 0.000000 0.000000 0.000000 0.000000 0.000000 0.000000 0.000000 0.000000 0.000000 0.000000 0.000000 0.000000 0.000000 0.000000 0.000000 0.000000 0.000000 0.000000 0.000000 0.000000 0.000000 0.000000 0.000000 0.000000 0.000000 0.000000 0.000000 
0.000000 0.000000 0.000000 0.000000 0.000000 0.000000 0.000000 0.000000 0.000000 0.000000 0.000000 0.000000 0.000000 0.000000 0.000000 0.000000 0.000000 0.000000 0.000000 0.000000 0.000000 0.000000 0.000000 0.000000 0.000000 0.000000 0.000000 0.000000 0.000000 0.000000 0.000000 0.000000 0.000000 0.000000 0.000000 0.000000 0.000000 0.000000 0.000000 0.000000 0.000000 0.000000 0.000000 0.000000 0.000000 0.000000 0.000000 0.000000 0.000000 0.000000 0.000000 
0.000000 0.000000 0.000000 0.000000 0.000000 0.000000 0.000000 0.000000 0.000000 0.000000 0.000000 0.000000 0.000000 0.000000 0.000000 0.000000 0.000000 0.000000 0.000000 0.000000 0.000000 0.000000 0.000000 0.000000 0.000000 0.000000 0.000000 0.000000 0.000000 0.000000 0.000000 0.000000 0.000000 0.000000 0.000000 0.000000 0.000000 0.000000 0.000000 0.000000 0.000000 0.000000 0.000000 0.000000 0.000000 0.000000 0.000000 0.000000 0.000000 0.000000 0.000000 
0.000000 0.000000 0.000000 0.000000 0.000000 0.000000 0.000000 0.000000 0.000000 0.000000 0.000000 0.000000 0.000000 0.000000 0.000000 0.000000 0.000000 0.000000 0.000000 0.000000 0.000000 0.000000 0.000000 0.000000 0.000000 0.000000 0.000000 0.000000 0.000000 0.000000 0.000000 0.000000 0.000000 0.000000 0.000000 0.000000 0.000000 0.000000 0.000000 0.000000 0.000000 0.000000 0.000000 0.000000 0.000000 0.000000 0.000000 0.000000 0.000000 0.000000 0.000000 
0.000000 0.000000 0.000000 0.000000 0.000000 0.000000 0.000000 0.000000 0.000000 0.000000 0.000000 0.000000 0.000000 0.000000 0.000000 0.000000 0.000000 0.000000 0.000000 0.000000 0.000000 0.000000 0.000000 0.000000 0.000000 0.000000 0.000000 0.000000 0.000000 0.000000 0.000000 0.000000 0.000000 0.000000 0.000000 0.000000 0.000000 0.000000 0.000000 0.000000 0.000000 0.000000 0.000000 0.000000 0.000000 0.000000 0.000000 0.000000 0.000000 0.000000 0.000000 
0.000000 0.000000 0.000000 0.000000 0.000000 0.000000 0.000000 0.000000 0.000000 0.000000 0.000000 0.000000 0.000000 0.000000 0.000000 0.000000 0.000000 0.000000 0.000000 0.000000 0.000000 0.000000 0.000000 0.000000 0.000000 0.000000 0.000000 0.000000 0.000000 0.000000 0.000000 0.000000 0.000000 0.000000 0.000000 0.000000 0.000000 0.000000 0.000000 0.000000 0.000000 0.000000 0.000000 0.000000 0.000000 0.000000 0.000000 0.000000 0.000000 0.000000 0.000000 
0.000000 0.000000 0.000000 0.000000 0.000000 0.000000 0.000000 0.000000 0.000000 0.000000 0.000000 0.000000 0.000000 0.000000 0.000000 0.000000 0.000000 0.000000 0.000000 0.000000 0.000000 0.000000 0.000000 0.000000 0.000000 0.000000 0.000000 0.000000 0.000000 0.000000 0.000000 0.000000 0.000000 0.000000 0.000000 0.000000 0.000000 0.000000 0.000000 0.000000 0.000000 0.000000 0.000000 0.000000 0.000000 0.000000 0.000000 0.000000 0.000000 0.000000 0.000000 
0.000000 0.000000 0.000000 0.000000 0.000000 0.000000 0.000000 0.000000 0.000000 0.000000 0.000000 0.000000 0.000000 0.000000 0.000000 0.000000 0.000000 0.000000 0.000000 0.000000 0.000000 0.000000 0.000000 0.000000 0.000000 0.000000 0.000000 0.000000 0.000000 0.000000 0.000000 0.000000 0.000000 0.000000 0.000000 0.000000 0.000000 0.000000 0.000000 0.000000 0.000000 0.000000 0.000000 0.000000 0.000000 0.000000 0.000000 0.000000 0.000000 0.000000 0.000000 
0.000000 0.000000 0.000000 0.000000 0.000000 0.000000 0.000000 0.000000 0.000000 0.000000 0.000000 0.000000 0.000000 0.000000 0.000000 0.000000 0.000000 0.000000 0.000000 0.000000 0.000000 0.000000 0.000000 0.000000 0.000000 0.000000 0.000000 0.000000 0.000000 0.000000 0.000000 0.000000 0.000000 0.000000 0.000000 0.000000 0.000000 0.000000 0.000000 0.000000 0.000000 0.000000 0.000000 0.000000 0.000000 0.000000 0.000000 0.000000 0.000000 0.000000 0.000000 
0.000000 0.000000 0.000000 0.000000 0.000000 0.000000 0.000000 0.000000 0.000000 0.000000 0.000000 0.000000 0.000000 0.000000 0.000000 0.000000 0.000000 0.000000 0.000000 0.000000 0.000000 0.000000 0.000000 0.000000 0.000000 0.000000 0.000000 0.000000 0.000000 0.000000 0.000000 0.000000 0.000000 0.000000 0.000000 0.000000 0.000000 0.000000 0.000000 0.000000 0.000000 0.000000 0.000000 0.000000 0.000000 0.000000 0.000000 0.000000 0.000000 0.000000 0.000000 
0.000000 0.000000 0.000000 0.000000 0.000000 0.000000 0.000000 0.000000 0.000000 0.000000 0.000000 0.000000 0.000000 0.000000 0.000000 0.000000 0.000000 0.000000 0.000000 0.000000 0.000000 0.000000 0.000000 0.000000 0.000000 0.000000 0.000000 0.000000 0.000000 0.000000 0.000000 0.000000 0.000000 0.000000 0.000000 0.000000 0.000000 0.000000 0.000000 0.000000 0.000000 0.000000 0.000000 0.000000 0.000000 0.000000 0.000000 0.000000 0.000000 0.000000 0.000000 
0.000000 0.000000 0.000000 0.000000 0.000000 0.000000 0.000000 0.000000 0.000000 0.000000 0.000000 0.000000 0.000000 0.000000 0.000000 0.000000 0.000000 0.000000 0.000000 0.000000 0.000000 0.000000 0.000000 0.000000 0.000000 0.000000 0.000000 0.000000 0.000000 0.000000 0.000000 0.000000 0.000000 0.000000 0.000000 0.000000 0.000000 0.000000 0.000000 0.000000 0.000000 0.000000 0.000000 0.000000 0.000000 0.000000 0.000000 0.000000 0.000000 0.000000 0.000000 
0.000000 0.000000 0.000000 0.000000 0.000000 0.000000 0.000000 0.000000 0.000000 0.000000 0.000000 0.000000 0.000000 0.000000 0.000000 0.000000 0.000000 0.000000 0.000000 0.000000 0.000000 0.000000 0.000000 0.000000 0.000000 0.000000 0.000000 0.000000 0.000000 0.000000 0.000000 0.000000 0.000000 0.000000 0.000000 0.000000 0.000000 0.000000 0.000000 0.000000 0.000000 0.000000 0.000000 0.000000 0.000000 0.000000 0.000000 0.000000 0.000000 0.000000 0.000000 
0.000000 0.000000 0.000000 0.000000 0.000000 0.000000 0.000000 0.000000 0.000000 0.000000 0.000000 0.000000 0.000000 0.000000 0.000000 0.000000 0.000000 0.000000 0.000000 0.000000 0.000000 0.000000 0.000000 0.000000 0.000000 0.000000 0.000000 0.000000 0.000000 0.000000 0.000000 0.000000 0.000000 0.000000 0.000000 0.000000 0.000000 0.000000 0.000000 0.000000 0.000000 0.000000 0.000000 0.000000 0.000000 0.000000 0.000000 0.000000 0.000000 0.000000 0.000000 
0.000000 0.000000 0.000000 0.000000 0.000000 0.000000 0.000000 0.000000 0.000000 0.000000 0.000000 0.000000 0.000000 0.000000 0.000000 0.000000 0.000000 0.000000 0.000000 0.000000 0.000000 0.000000 0.000000 0.000000 0.000000 0.000000 0.000000 0.000000 0.000000 0.000000 0.000000 0.000000 0.000000 0.000000 0.000000 0.000000 0.000000 0.000000 0.000000 0.000000 0.000000 0.000000 0.000000 0.000000 0.000000 0.000000 0.000000 0.000000 0.000000 0.000000 0.000000 
0.000000 0.000000 0.000000 0.000000 0.000000 0.000000 0.000000 0.000000 0.000000 0.000000 0.000000 0.000000 0.000000 0.000000 0.000000 0.000000 0.000000 0.000000 0.000000 0.000000 0.000000 0.000000 0.000000 0.000000 0.000000 0.000000 0.000000 0.000000 0.000000 0.000000 0.000000 0.000000 0.000000 0.000000 0.000000 0.000000 0.000000 0.000000 0.000000 0.000000 0.000000 0.000000 0.000000 0.000000 0.000000 0.000000 0.000000 0.000000 0.000000 0.000000 0.000000 
0.000000 0.000000 0.000000 0.000000 0.000000 0.000000 0.000000 0.000000 0.000000 0.000000 0.000000 0.000000 0.000000 0.000000 0.000000 0.000000 0.000000 0.000000 0.000000 0.000000 0.000000 0.000000 0.000000 0.000000 0.000000 0.000000 0.000000 0.000000 0.000000 0.000000 0.000000 0.000000 0.000000 0.000000 0.000000 0.000000 0.000000 0.000000 0.000000 0.000000 0.000000 0.000000 0.000000 0.000000 0.000000 0.000000 0.000000 0.000000 0.000000 0.000000 0.000000 
0.000000 0.000000 0.000000 0.000000 0.000000 0.000000 0.000000 0.000000 0.000000 0.000000 0.000000 0.000000 0.000000 0.000000 0.000000 0.000000 0.000000 0.000000 0.000000 0.000000 0.000000 0.000000 0.000000 0.000000 0.000000 0.000000 0.000000 0.000000 0.000000 0.000000 0.000000 0.000000 0.000000 0.000000 0.000000 0.000000 0.000000 0.000000 0.000000 0.000000 0.000000 0.000000 0.000000 0.000000 0.000000 0.000000 0.000000 0.000000 0.000000 0.000000 0.000000 
0.000000 0.000000 0.000000 0.000000 0.000000 0.000000 0.000000 0.000000 0.000000 0.000000 0.000000 0.000000 0.000000 0.000000 0.000000 0.000000 0.000000 0.000000 0.000000 0.000000 0.000000 0.000000 0.000000 0.000000 0.000000 0.000000 0.000000 0.000000 0.000000 0.000000 0.000000 0.000000 0.000000 0.000000 0.000000 0.000000 0.000000 0.000000 0.000000 0.000000 0.000000 0.000000 0.000000 0.000000 0.000000 0.000000 0.000000 0.000000 0.000000 0.000000 0.000000 
0.000000 0.000000 0.000000 0.000000 0.000000 0.000000 0.000000 0.000000 0.000000 0.000000 0.000000 0.000000 0.000000 0.000000 0.000000 0.000000 0.000000 0.000000 0.000000 0.000000 0.000000 0.000000 0.000000 0.000000 0.000000 0.000000 0.000000 0.000000 0.000000 0.000000 0.000000 0.000000 0.000000 0.000000 0.000000 0.000000 0.000000 0.000000 0.000000 0.000000 0.000000 0.000000 0.000000 0.000000 0.000000 0.000000 0.000000 0.000000 0.000000 0.000000 0.000000 
0.000000 0.000000 0.000000 0.000000 0.000000 0.000000 0.000000 0.000000 0.000000 0.000000 0.000000 0.000000 0.000000 0.000000 0.000000 0.000000 0.000000 0.000000 0.000000 0.000000 0.000000 0.000000 0.000000 0.000000 0.000000 0.000000 0.000000 0.000000 0.000000 0.000000 0.000000 0.000000 0.000000 0.000000 0.000000 0.000000 0.000000 0.000000 0.000000 0.000000 0.000000 0.000000 0.000000 0.000000 0.000000 0.000000 0.000000 0.000000 0.000000 0.000000 0.000000 
0.000000 0.000000 0.000000 0.000000 0.000000 0.000000 0.000000 0.000000 0.000000 0.000000 0.000000 0.000000 0.000000 0.000000 0.000000 0.000000 0.000000 0.000000 0.000000 0.000000 0.000000 0.000000 0.000000 0.000000 0.000000 0.000000 0.000000 0.000000 0.000000 0.000000 0.000000 0.000000 0.000000 0.000000 0.000000 0.000000 0.000000 0.000000 0.000000 0.000000 0.000000 0.000000 0.000000 0.000000 0.000000 0.000000 0.000000 0.000000 0.000000 0.000000 0.000000 
0.000000 0.000000 0.000000 0.000000 0.000000 0.000000 0.000000 0.000000 0.000000 0.000000 0.000000 0.000000 0.000000 0.000000 0.000000 0.000000 0.000000 0.000000 0.000000 0.000000 0.000000 0.000000 0.000000 0.000000 0.000000 0.000000 0.000000 0.000000 0.000000 0.000000 0.000000 0.000000 0.000000 0.000000 0.000000 0.000000 0.000000 0.000000 0.000000 0.000000 0.000000 0.000000 0.000000 0.000000 0.000000 0.000000 0.000000 0.000000 0.000000 0.000000 0.000000 
0.000000 0.000000 0.000000 0.000000 0.000000 0.000000 0.000000 0.000000 0.000000 0.000000 0.000000 0.000000 0.000000 0.000000 0.000000 0.000000 0.000000 0.000000 0.000000 0.000000 0.000000 0.000000 0.000000 0.000000 0.000000 0.000000 0.000000 0.000000 0.000000 0.000000 0.000000 0.000000 0.000000 0.000000 0.000000 0.000000 0.000000 0.000000 0.000000 0.000000 0.000000 0.000000 0.000000 0.000000 0.000000 0.000000 0.000000 0.000000 0.000000 0.000000 0.000000 
0.000000 0.000000 0.000000 0.000000 0.000000 0.000000 0.000000 0.000000 0.000000 0.000000 0.000000 0.000000 0.000000 0.000000 0.000000 0.000000 0.000000 0.000000 0.000000 0.000000 0.000000 0.000000 0.000000 0.000000 0.000000 0.000000 0.000000 0.000000 0.000000 0.000000 0.000000 0.000000 0.000000 0.000000 0.000000 0.000000 0.000000 0.000000 0.000000 0.000000 0.000000 0.000000 0.000000 0.000000 0.000000 0.000000 0.000000 0.000000 0.000000 0.000000 0.000000 
0.000000 0.000000 0.000000 0.000000 0.000000 0.000000 0.000000 0.000000 0.000000 0.000000 0.000000 0.000000 0.000000 0.000000 0.000000 0.000000 0.000000 0.000000 0.000000 0.000000 0.000000 0.000000 0.000000 0.000000 0.000000 0.000000 0.000000 0.000000 0.000000 0.000000 0.000000 0.000000 0.000000 0.000000 0.000000 0.000000 0.000000 0.000000 0.000000 0.000000 0.000000 0.000000 0.000000 0.000000 0.000000 0.000000 0.000000 0.000000 0.000000 0.000000 0.000000 
0.000000 0.000000 0.000000 0.000000 0.000000 0.000000 0.000000 0.000000 0.000000 0.000000 0.000000 0.000000 0.000000 0.000000 0.000000 0.000000 0.000000 0.000000 0.000000 0.000000 0.000000 0.000000 0.000000 0.000000 0.000000 0.000000 0.000000 0.000000 0.000000 0.000000 0.000000 0.000000 0.000000 0.000000 0.000000 0.000000 0.000000 0.000000 0.000000 0.000000 0.000000 0.000000 0.000000 0.000000 0.000000 0.000000 0.000000 0.000000 0.000000 0.000000 0.000000 
0.000000 0.000000 0.000000 0.000000 0.000000 0.000000 0.000000 0.000000 0.000000 0.000000 0.000000 0.000000 0.000000 0.000000 0.000000 0.000000 0.000000 0.000000 0.000000 0.000000 0.000000 0.000000 0.000000 0.000000 0.000000 0.000000 0.000000 0.000000 0.000000 0.000000 0.000000 0.000000 0.000000 0.000000 0.000000 0.000000 0.000000 0.000000 0.000000 0.000000 0.000000 0.000000 0.000000 0.000000 0.000000 0.000000 0.000000 0.000000 0.000000 0.000000 0.000000 
0.000000 0.000000 0.000000 0.000000 0.000000 0.000000 0.000000 0.000000 0.000000 0.000000 0.000000 0.000000 0.000000 0.000000 0.000000 0.000000 0.000000 0.000000 0.000000 0.000000 0.000000 0.000000 0.000000 0.000000 0.000000 0.000000 0.000000 0.000000 0.000000 0.000000 0.000000 0.000000 0.000000 0.000000 0.000000 0.000000 0.000000 0.000000 0.000000 0.000000 0.000000 0.000000 0.000000 0.000000 0.000000 0.000000 0.000000 0.000000 0.000000 0.000000 0.000000 
0.000000 0.000000 0.000000 0.000000 0.000000 0.000000 0.000000 0.000000 0.000000 0.000000 0.000000 0.000000 0.000000 0.000000 0.000000 0.000000 0.000000 0.000000 0.000000 0.000000 0.000000 0.000000 0.000000 0.000000 0.000000 0.000000 0.000000 0.000000 0.000000 0.000000 0.000000 0.000000 0.000000 0.000000 0.000000 0.000000 0.000000 0.000000 0.000000 0.000000 0.000000 0.000000 0.000000 0.000000 0.000000 0.000000 0.000000 0.000000 0.000000 0.000000 0.000000 
0.000000 0.000000 0.000000 0.000000 0.000000 0.000000 0.000000 0.000000 0.000000 0.000000 0.000000 0.000000 0.000000 0.000000 0.000000 0.000000 0.000000 0.000000 0.000000 0.000000 0.000000 0.000000 0.000000 0.000000 0.000000 0.000000 0.000000 0.000000 0.000000 0.000000 0.000000 0.000000 0.000000 0.000000 0.000000 0.000000 0.000000 0.000000 0.000000 0.000000 0.000000 0.000000 0.000000 0.000000 0.000000 0.000000 0.000000 0.000000 0.000000 0.000000 0.000000 
0.000000 0.000000 0.000000 0.000000 0.000000 0.000000 0.000000 0.000000 0.000000 0.000000 0.000000 0.000000 0.000000 0.000000 0.000000 0.000000 0.000000 0.000000 0.000000 0.000000 0.000000 0.000000 0.000000 0.000000 0.000000 0.000000 0.000000 0.000000 0.000000 0.000000 0.000000 0.000000 0.000000 0.000000 0.000000 0.000000 0.000000 0.000000 0.000000 0.000000 0.000000 0.000000 0.000000 0.000000 0.000000 0.000000 0.000000 0.000000 0.000000 0.000000 0.000000 
0.000000 0.000000 0.000000 0.000000 0.000000 0.000000 0.000000 0.000000 0.000000 0.000000 0.000000 0.000000 0.000000 0.000000 0.000000 0.000000 0.000000 0.000000 0.000000 0.000000 0.000000 0.000000 0.000000 0.000000 0.000000 0.000000 0.000000 0.000000 0.000000 0.000000 0.000000 0.000000 0.000000 0.000000 0.000000 0.000000 0.000000 0.000000 0.000000 0.000000 0.000000 0.000000 0.000000 0.000000 0.000000 0.000000 0.000000 0.000000 0.000000 0.000000 0.000000 
0.000000 0.000000 0.000000 0.000000 0.000000 0.000000 0.000000 0.000000 0.000000 0.000000 0.000000 0.000000 0.000000 0.000000 0.000000 0.000000 0.000000 0.000000 0.000000 0.000000 0.000000 0.000000 0.000000 0.000000 0.000000 0.000000 0.000000 0.000000 0.000000 0.000000 0.000000 0.000000 0.000000 0.000000 0.000000 0.000000 0.000000 0.000000 0.000000 0.000000 0.000000 0.000000 0.000000 0.000000 0.000000 0.000000 0.000000 0.000000 0.000000 0.000000 0.000000 
0.000000 0.000000 0.000000 0.000000 0.000000 0.000000 0.000000 0.000000 0.000000 0.000000 0.000000 0.000000 0.000000 0.000000 0.000000 0.000000 0.000000 0.000000 0.000000 0.000000 0.000000 0.000000 0.000000 0.000000 0.000000 0.000000 0.000000 0.000000 0.000000 0.000000 0.000000 0.000000 0.000000 0.000000 0.000000 0.000000 0.000000 0.000000 0.000000 0.000000 0.000000 0.000000 0.000000 0.000000 0.000000 0.000000 0.000000 0.000000 0.000000 0.000000 0.000000 
0.000000 0.000000 0.000000 0.000000 0.000000 0.000000 0.000000 0.000000 0.000000 0.000000 0.000000 0.000000 0.000000 0.000000 0.000000 0.000000 0.000000 0.000000 0.000000 0.000000 0.000000 0.000000 0.000000 0.000000 0.000000 0.000000 0.000000 0.000000 0.000000 0.000000 0.000000 0.000000 0.000000 0.000000 0.000000 0.000000 0.000000 0.000000 0.000000 0.000000 0.000000 0.000000 0.000000 0.000000 0.000000 0.000000 0.000000 0.000000 0.000000 0.000000 0.000000 
0.000000 0.000000 0.000000 0.000000 0.000000 0.000000 0.000000 0.000000 0.000000 0.000000 0.000000 0.000000 0.000000 0.000000 0.000000 0.000000 0.000000 0.000000 0.000000 0.000000 0.000000 0.000000 0.000000 0.000000 0.000000 0.000000 0.000000 0.000000 0.000000 0.000000 0.000000 0.000000 0.000000 0.000000 0.000000 0.000000 0.000000 0.000000 0.000000 0.000000 0.000000 0.000000 0.000000 0.000000 0.000000 0.000000 0.000000 0.000000 0.000000 0.000000 0.000000 
0.000000 0.000000 0.000000 0.000000 0.000000 0.000000 0.000000 0.000000 0.000000 0.000000 0.000000 0.000000 0.000000 0.000000 0.000000 0.000000 0.000000 0.000000 0.000000 0.000000 0.000000 0.000000 0.000000 0.000000 0.000000 0.000000 0.000000 0.000000 0.000000 0.000000 0.000000 0.000000 0.000000 0.000000 0.000000 0.000000 0.000000 0.000000 0.000000 0.000000 0.000000 0.000000 0.000000 0.000000 0.000000 0.000000 0.000000 0.000000 0.000000 0.000000 0.000000 
0.000000 0.000000 0.000000 0.000000 0.000000 0.000000 0.000000 0.000000 0.000000 0.000000 0.000000 0.000000 0.000000 0.000000 0.000000 0.000000 0.000000 0.000000 0.000000 0.000000 0.000000 0.000000 0.000000 0.000000 0.000000 0.000000 0.000000 0.000000 0.000000 0.000000 0.000000 0.000000 0.000000 0.000000 0.000000 0.000000 0.000000 0.000000 0.000000 0.000000 0.000000 0.000000 0.000000 0.000000 0.000000 0.000000 0.000000 0.000000 0.000000 0.000000 0.000000 
0.000000 0.000000 0.000000 0.000000 0.000000 0.000000 0.000000 0.000000 0.000000 0.000000 0.000000 0.000000 0.000000 0.000000 0.000000 0.000000 0.000000 0.000000 0.000000 0.000000 0.000000 0.000000 0.000000 0.000000 0.000000 0.000000 0.000000 0.000000 0.000000 0.000000 0.000000 0.000000 0.000000 0.000000 0.000000 0.000000 0.000000 0.000000 0.000000 0.000000 0.000000 0.000000 0.000000 0.000000 0.000000 0.000000 0.000000 0.000000 0.000000 0.000000 0.000000 
0.000000 0.000000 0.000000 0.000000 0.000000 0.000000 0.000000 0.000000 0.000000 0.000000 0.000000 0.000000 0.000000 0.000000 0.000000 0.000000 0.000000 0.000000 0.000000 0.000000 0.000000 0.000000 0.000000 0.000000 0.000000 0.000000 0.000000 0.000000 0.000000 0.000000 0.000000 0.000000 0.000000 0.000000 0.000000 0.000000 0.000000 0.000000 0.000000 0.000000 0.000000 0.000000 0.000000 0.000000 0.000000 0.000000 0.000000 0.000000 0.000000 0.000000 0.000000 
0.000000 0.000000 0.000000 0.000000 0.000000 0.000000 0.000000 0.000000 0.000000 0.000000 0.000000 0.000000 0.000000 0.000000 0.000000 0.000000 0.000000 0.000000 0.000000 0.000000 0.000000 0.000000 0.000000 0.000000 0.000000 0.000000 0.000000 0.000000 0.000000 0.000000 0.000000 0.000000 0.000000 0.000000 0.000000 0.000000 0.000000 0.000000 0.000000 0.000000 0.000000 0.000000 0.000000 0.000000 0.000000 0.000000 0.000000 0.000000 0.000000 0.000000 0.000000 
0.000000 0.000000 0.000000 0.000000 0.000000 0.000000 0.000000 0.000000 0.000000 0.000000 0.000000 0.000000 0.000000 0.000000 0.000000 0.000000 0.000000 0.000000 0.000000 0.000000 0.000000 0.000000 0.000000 0.000000 0.000000 0.000000 0.000000 0.000000 0.000000 0.000000 0.000000 0.000000 0.000000 0.000000 0.000000 0.000000 0.000000 0.000000 0.000000 0.000000 0.000000 0.000000 0.000000 0.000000 0.000000 0.000000 0.000000 0.000000 0.000000 0.000000 0.000000 
0.000000 0.000000 0.000000 0.000000 0.000000 0.000000 0.000000 0.000000 0.000000 0.000000 0.000000 0.000000 0.000000 0.000000 0.000000 0.000000 0.000000 0.000000 0.000000 0.000000 0.000000 0.000000 0.000000 0.000000 0.000000 0.000000 0.000000 0.000000 0.000000 0.000000 0.000000 0.000000 0.000000 0.000000 0.000000 0.000000 0.000000 0.000000 0.000000 0.000000 0.000000 0.000000 0.000000 0.000000 0.000000 0.000000 0.000000 0.000000 0.000000 0.000000 0.000000 
0.000000 0.000000 0.000000 0.000000 0.000000 0.000000 0.000000 0.000000 0.000000 0.000000 0.000000 0.000000 0.000000 0.000000 0.000000 0.000000 0.000000 0.000000 0.000000 0.000000 0.000000 0.000000 0.000000 0.000000 0.000000 0.000000 0.000000 0.000000 0.000000 0.000000 0.000000 0.000000 0.000000 0.000000 0.000000 0.000000 0.000000 0.000000 0.000000 0.000000 0.000000 0.000000 0.000000 0.000000 0.000000 0.000000 0.000000 0.000000 0.000000 0.000000 0.000000 
0.000000 0.000000 0.000000 0.000000 0.000000 0.000000 0.000000 0.000000 0.000000 0.000000 0.000000 0.000000 0.000000 0.000000 0.000000 0.000000 0.000000 0.000000 0.000000 0.000000 0.000000 0.000000 0.000000 0.000000 0.000000 0.000000 0.000000 0.000000 0.000000 0.000000 0.000000 0.000000 0.000000 0.000000 0.000000 0.000000 0.000000 0.000000 0.000000 0.000000 0.000000 0.000000 0.000000 0.000000 0.000000 0.000000 0.000000 0.000000 0.000000 0.000000 0.000000 
0.000000 0.000000 0.000000 0.000000 0.000000 0.000000 0.000000 0.000000 0.000000 0.000000 0.000000 0.000000 0.000000 0.000000 0.000000 0.000000 0.000000 0.000000 0.000000 0.000000 0.000000 0.000000 0.000000 0.000000 0.000000 0.000000 0.000000 0.000000 0.000000 0.000000 0.000000 0.000000 0.000000 0.000000 0.000000 0.000000 0.000000 0.000000 0.000000 0.000000 0.000000 0.000000 0.000000 0.000000 0.000000 0.000000 0.000000 0.000000 0.000000 0.000000 0.000000 
0.000000 0.000000 0.000000 0.000000 0.000000 0.000000 0.000000 0.000000 0.000000 0.000000 0.000000 0.000000 0.000000 0.000000 0.000000 0.000000 0.000000 0.000000 0.000000 0.000000 0.000000 0.000000 0.000000 0.000000 0.000000 0.000000 0.000000 0.000000 0.000000 0.000000 0.000000 0.000000 0.000000 0.000000 0.000000 0.000000 0.000000 0.000000 0.000000 0.000000 0.000000 0.000000 0.000000 0.000000 0.000000 0.000000 0.000000 0.000000 0.000000 0.000000 0.000000 
0.000000 0.000000 0.000000 0.000000 0.000000 0.000000 0.000000 0.000000 0.000000 0.000000 0.000000 0.000000 0.000000 0.000000 0.000000 0.000000 0.000000 0.000000 0.000000 0.000000 0.000000 0.000000 0.000000 0.000000 0.000000 0.000000 0.000000 0.000000 0.000000 0.000000 0.000000 0.000000 0.000000 0.000000 0.000000 0.000000 0.000000 0.000000 0.000000 0.000000 0.000000 0.000000 0.000000 0.000000 0.000000 0.000000 0.000000 0.000000 0.000000 0.000000 0.000000 
0.000000 0.000000 0.000000 0.000000 0.000000 0.000000 0.000000 0.000000 0.000000 0.000000 0.000000 0.000000 0.000000 0.000000 0.000000 0.000000 0.000000 0.000000 0.000000 0.000000 0.000000 0.000000 0.000000 0.000000 0.000000 0.000000 0.000000 0.000000 0.000000 0.000000 0.000000 0.000000 0.000000 0.000000 0.000000 0.000000 0.000000 0.000000 0.000000 0.000000 0.000000 0.000000 0.000000 0.000000 0.000000 0.000000 0.000000 0.000000 0.000000 0.000000 0.000000 
--
0.007567 0.007604 0.007677 0.007786 0.007929 0.008102 0.008302 0.008527 0.008772 0.009032 0.009303 0.009579 0.009856 0.010127 0.010387 0.010631 0.010854 0.011052 0.011219 0.011353 0.011449 0.011506 0.011522 0.011495 0.011425 0.011312 0.011158 0.010965 0.010735 0.010471 0.010178 0.009858 0.009516 0.009158 0.008788 0.008411 0.008032 0.007655 0.007286 0.006928 0.006586 0.006263 0.005963 0.005690 0.005444 0.005230 0.005048 0.004901 0.004790 0.004715 0.004677 
0.007604 0.007641 0.007716 0.007826 0.007969 0.008144 0.008347 0.008574 0.008821 0.009084 0.009357 0.009636 0.009915 0.010189 0.010451 0.010698 0.010923 0.011123 0.011292 0.011427 0.011524 0.011582 0.011598 0.011570 0.011500 0.011387 0.011232 0.011037 0.010805 0.010539 0.010243 0.009920 0.009576 0.009215 0.008842 0.008462 0.008079 0.007700 0.007327 0.006966 0.006621 0.006296 0.005994 0.005717 0.005470 0.005254 0.005071 0.004923 0.004810 0.004735 0.004697 
0.007677 0.007716 0.007792 0.007904 0.008050 0.008228 0.008435 0.008666 0.008918 0.009186 0.009464 0.009748 0.010033 0.010311 0.010579 0.010831 0.011060 0.011264 0.011436 0.011573 0.011673 0.011732 0.011748 0.011721 0.011649 0.011534 0.011377 0.011179 0.010944 0.010673 0.010372 0.010045 0.009695 0.009328 0.008949 0.008562 0.008173 0.007787 0.007409 0.007042 0.006691 0.006361 0.006054 0.005773 0.005522 0.005302 0.005116 0.004965 0.004851 0.004775 0.004736 
0.007786 0.007826 0.007904 0.008019 0.008169 0.008352 0.008565 0.008802 0.009061 0.009336 0.009622 0.009914 0.010207 0.010493 0.010768 0.011026 0.011262 0.011471 0.011648 0.011790 0.011893 0.011953 0.011971 0.011943 0.011870 0.011753 0.011592 0.011390 0.011148 0.010872 0.010564 0.010228 0.009870 0.009494 0.009106 0.008710 0.008312 0.007917 0.007529 0.007154 0.006795 0.006456 0.006142 0.005855 0.005598 0.005373 0.005183 0.005028 0.004912 0.004833 0.004794 
0.007929 0.007969 0.008050 0.008169 0.008325 0.008515 0.008734 0.008980 0.009248 0.009533 0.009829 0.010131 0.010433 0.010730 0.011014 0.011282 0.011526 0.011742 0.011926 0.012073 0.012179 0.012242 0.012261 0.012233 0.012158 0.012037 0.011872 0.011664 0.011416 0.011131 0.010813 0.010468 0.010099 0.009711 0.009311 0.008903 0.008493 0.008086 0.007687 0.007300 0.006930 0.006581 0.006258 0.005962 0.005697 0.005465 0.005270 0.005111 0.004991 0.004910 0.004869 
0.008102 0.008144 0.008228 0.008352 0.008515 0.008712 0.008941 0.009197 0.009476 0.009772 0.010080 0.010395 0.010709 0.011018 0.011314 0.011592 0.011846 0.012072 0.012263 0.012416 0.012527 0.012593 0.012613 0.012585 0.012508 0.012383 0.012212 0.011997 0.011740 0.011445 0.011116 0.010759 0.010376 0.009975 0.009561 0.009138 0.008714 0.008292 0.007878 0.007477 0.007094 0.006733 0.006398 0.006092 0.005818 0.005578 0.005375 0.005211 0.005087 0.005003 0.004961 
0.008302 0.008347 0.008435 0.008565 0.008734 0.008941 0.009180 0.009448 0.009739 0.010049 0.010371 0.010700 0.011029 0.011351 0.011661 0.011952 0.012217 0.012453 0.012653 0.012813 0.012930 0.013000 0.013021 0.012992 0.012913 0.012784 0.012607 0.012383 0.012116 0.011810 0.011468 0.011096 0.010698 0.010281 0.009850 0.009411 0.008969 0.008530 0.008100 0.007683 0.007285 0.006910 0.006561 0.006243 0.005958 0.005709 0.005498 0.005327 0.005198 0.005111 0.005068 
0.008527 0.008574 0.008666 0.008802 0.008980 0.009197 0.009448 0.009729 0.010034 0.010359 0.010697 0.011042 0.011386 0.011724 0.012049 0.012354 0.012633 0.012880 0.013090 0.013258 0.013380 0.013454 0.013477 0.013448 0.013366 0.013232 0.013048 0.012815 0.012537 0.012217 0.011861 0.011473 0.011059 0.010624 0.010174 0.009716 0.009255 0.008797 0.008348 0.007914 0.007499 0.007107 0.006744 0.006412 0.006115 0.005855 0.005635 0.005457 0.005323 0.005232 0.005187 
0.008772 0.008821 0.008918 0.009061 0.009248 0.009476 0.009739 0.010034 0.010355 0.010697 0.011052 0.011413 0.011775 0.012130 0.012471 0.012791 0.013084 0.013343 0.013564 0.013741 0.013870 0.013949 0.013973 0.013944 0.013859 0.013719 0.013527 0.013284 0.012994 0.012660 0.012288 0.011883 0.011450 0.010996 0.010526 0.010047 0.009566 0.009088 0.008619 0.008165 0.007731 0.007322 0.006942 0.006596 0.006285 0.006014 0.005785 0.005599 0.005458 0.005364 0.005317 
0.009032 0.009084 0.009186 0.009336 0.009533 0.009772 0.010049 0.010359 0.010697 0.011055 0.011428 0.011808 0.012188 0.012561 0.012919 0.013255 0.013563 0.013836 0.014068 0.014254 0.014390 0.014473 0.014500 0.014470 0.014382 0.014237 0.014036 0.013782 0.013479 0.013131 0.012742 0.012319 0.011866 0.011391 0.010900 0.010400 0.009896 0.009397 0.008906 0.008432 0.007978 0.007551 0.007154 0.006791 0.006467 0.006184 0.005944 0.005750 0.005603 0.005504 0.005454 
0.009303 0.009357 0.009464 0.009623 0.009829 0.010080 0.010371 0.010697 0.011052 0.011428 0.011820 0.012219 0.012618 0.013009 0.013385 0.013738 0.014061 0.014348 0.014592 0.014788 0.014931 0.015019 0.015048 0.015017 0.014925 0.014774 0.014565 0.014300 0.013984 0.013620 0.013214 0.012772 0.012299 0.011802 0.011289 0.010766 0.010240 0.009718 0.009205 0.008709 0.008235 0.007788 0.007374 0.006995 0.006656 0.006360 0.006109 0.005906 0.005753 0.005650 0.005598 
0.009579 0.009636 0.009748 0.009914 0.010131 0.010395 0.010700 0.011042 0.011413 0.011808 0.012219 0.012637 0.013055 0.013466 0.013860 0.014230 0.014569 0.014870 0.015126 0.015331 0.015482 0.015575 0.015606 0.015574 0.015480 0.015322 0.015104 0.014828 0.014498 0.014119 0.013695 0.013233 0.012740 0.012222 0.011686 0.011140 0.010591 0.010045 0.009510 0.008992 0.008498 0.008031 0.007598 0.007202 0.006848 0.006539 0.006278 0.006066 0.005906 0.005798 0.005744 
0.009856 0.009915 0.010033 0.010207 0.010433 0.010709 0.011029 0.011386 0.011775 0.012188 0.012618 0.013055 0.013493 0.013922 0.014335 0.014722 0.015077 0.015391 0.015659 0.015875 0.016034 0.016131 0.016164 0.016132 0.016034 0.015871 0.015644 0.015357 0.015013 0.014617 0.014176 0.013695 0.013181 0.012641 0.012083 0.011514 0.010941 0.010373 0.009815 0.009276 0.008760 0.008274 0.007822 0.007410 0.007041 0.006719 0.006446 0.006225 0.006058 0.005946 0.005890 
0.010127 0.010189 0.010311 0.010493 0.010730 0.011018 0.011351 0.011724 0.012130 0.012561 0.013009 0.013466 0.013922 0.014370 0.014800 0.015204 0.015575 0.015903 0.016183 0.016409 0.016575 0.016677 0.016713 0.016680 0.016578 0.016409 0.016173 0.015875 0.015517 0.015106 0.014647 0.014147 0.013613 0.013052 0.012472 0.011880 0.011285 0.010694 0.010115 0.009553 0.009017 0.008511 0.008042 0.007613 0.007230 0.006895 0.006611 0.006382 0.006208 0.006092 0.006033 
0.010387 0.010451 0.010579 0.010768 0.011014 0.011314 0.011661 0.012049 0.012471 0.012919 0.013385 0.013860 0.014335 0.014800 0.015248 0.015668 0.016053 0.016395 0.016687 0.016922 0.017095 0.017202 0.017240 0.017207 0.017102 0.016927 0.016683 0.016373 0.016003 0.015577 0.015101 0.014582 0.014028 0.013447 0.012845 0.012232 0.011615 0.011003 0.010402 0.009820 0.009264 0.008740 0.008253 0.007809 0.007411 0.007064 0.006770 0.006532 0.006352 0.006231 0.006170 
0.010631 0.010698 0.010831 0.011026 0.011282 0.011592 0.011952 0.012354 0.012791 0.013255 0.013738 0.014230 0.014722 0.015204 0.015668 0.016104 0.016503 0.016858 0.017161 0.017405 0.017585 0.017697 0.017737 0.017703 0.017595 0.017414 0.017162 0.016842 0.016459 0.016019 0.015527 0.014991 0.014419 0.013818 0.013197 0.012563 0.011926 0.011293 0.010672 0.010071 0.009496 0.008955 0.008452 0.007992 0.007581 0.007222 0.006919 0.006673 0.006487 0.006362 0.006299 
0.010854 0.010924 0.011060 0.011262 0.011526 0.011846 0.012218 0.012633 0.013084 0.013563 0.014061 0.014569 0.015077 0.015575 0.016053 0.016503 0.016916 0.017283 0.017596 0.017848 0.018035 0.018151 0.018193 0.018158 0.018048 0.017861 0.017602 0.017272 0.016878 0.016424 0.015918 0.015366 0.014777 0.014158 0.013518 0.012866 0.012210 0.011558 0.010919 0.010300 0.009709 0.009151 0.008633 0.008160 0.007737 0.007367 0.007054 0.006801 0.006610 0.006481 0.006416 
0.011052 0.011123 0.011264 0.011471 0.011742 0.012072 0.012453 0.012880 0.013343 0.013836 0.014348 0.014870 0.015391 0.015903 0.016395 0.016858 0.017283 0.017660 0.017982 0.018243 0.018435 0.018555 0.018598 0.018564 0.018450 0.018259 0.017993 0.017655 0.017250 0.016785 0.016265 0.015699 0.015095 0.014460 0.013804 0.013135 0.012462 0.011794 0.011138 0.010503 0.009897 0.009325 0.008793 0.008308 0.007874 0.007495 0.007174 0.006914 0.006718 0.006586 0.006520 
0.011219 0.011292 0.011436 0.011649 0.011926 0.012263 0.012653 0.013090 0.013564 0.014068 0.014592 0.015126 0.015659 0.016183 0.016687 0.017161 0.017596 0.017982 0.018313 0.018580 0.018778 0.018901 0.018946 0.018911 0.018795 0.018600 0.018328 0.017982 0.017568 0.017093 0.016562 0.015983 0.015366 0.014717 0.014047 0.013364 0.012677 0.011994 0.011325 0.010676 0.010057 0.009472 0.008930 0.008434 0.007991 0.007603 0.007276 0.007010 0.006809 0.006675 0.006607 
0.011353 0.011427 0.011574 0.011790 0.012073 0.012416 0.012813 0.013258 0.013741 0.014254 0.014788 0.015331 0.015875 0.016409 0.016922 0.017405 0.017848 0.018243 0.018580 0.018853 0.019055 0.019181 0.019227 0.019192 0.019075 0.018876 0.018599 0.018247 0.017826 0.017341 0.016801 0.016212 0.015584 0.014924 0.014243 0.013548 0.012849 0.012155 0.011474 0.010815 0.010184 0.009590 0.009038 0.008534 0.008083 0.007689 0.007356 0.007086 0.006882 0.006745 0.006676 
0.011449 0.011524 0.011673 0.011893 0.012179 0.012527 0.012930 0.013380 0.013870 0.014391 0.014931 0.015482 0.016034 0.016575 0.017095 0.017585 0.018035 0.018435 0.018778 0.019055 0.019260 0.019389 0.019436 0.019401 0.019282 0.019080 0.018799 0.018443 0.018016 0.017525 0.016978 0.016382 0.015745 0.015077 0.014387 0.013683 0.012976 0.012273 0.011583 0.010916 0.010278 0.009676 0.009117 0.008607 0.008150 0.007751 0.007414 0.007140 0.006933 0.006794 0.006725 
0.011506 0.011582 0.011732 0.011953 0.012242 0.012593 0.013000 0.013454 0.013949 0.014473 0.015019 0.015575 0.016131 0.016677 0.017202 0.017697 0.018151 0.018555 0.018901 0.019181 0.019389 0.019518 0.019567 0.019531 0.019411 0.019208 0.018925 0.018565 0.018135 0.017640 0.017088 0.016486 0.015845 0.015171 0.014476 0.013766 0.013053 0.012345 0.011650 0.010977 0.010334 0.009727 0.009164 0.008649 0.008189 0.007787 0.007447 0.007171 0.006962 0.006823 0.006752 
0.011522 0.011598 0.011748 0.011971 0.012261 0.012613 0.013021 0.013477 0.013974 0.014500 0.015048 0.015606 0.016165 0.016713 0.017240 0.017737 0.018193 0.018599 0.018946 0.019227 0.019436 0.019567 0.019616 0.019580 0.019460 0.019256 0.018971 0.018610 0.018178 0.017681 0.017127 0.016524 0.015880 0.015205 0.014506 0.013795 0.013079 0.012368 0.011671 0.010996 0.010351 0.009742 0.009177 0.008661 0.008199 0.007796 0.007454 0.007178 0.006968 0.006828 0.006758 
0.011495 0.011571 0.011721 0.011943 0.012233 0.012585 0.012992 0.013448 0.013944 0.014470 0.015017 0.015575 0.016132 0.016680 0.017207 0.017703 0.018158 0.018564 0.018911 0.019192 0.019401 0.019531 0.019580 0.019545 0.019425 0.019221 0.018937 0.018576 0.018145 0.017649 0.017096 0.016493 0.015850 0.015175 0.014478 0.013767 0.013053 0.012343 0.011647 0.010972 0.010328 0.009720 0.009156 0.008640 0.008179 0.007776 0.007435 0.007159 0.006950 0.006810 0.006740 
0.011425 0.011500 0.011650 0.011870 0.012158 0.012508 0.012913 0.013366 0.013859 0.014382 0.014926 0.015480 0.016034 0.016578 0.017102 0.017595 0.018048 0.018451 0.018795 0.019075 0.019282 0.019412 0.019460 0.019425 0.019306 0.019103 0.018821 0.018463 0.018034 0.017541 0.016991 0.016393 0.015754 0.015083 0.014390 0.013684 0.012973 0.012268 0.011576 0.010906 0.010265 0.009661 0.009100 0.008588 0.008129 0.007729 0.007390 0.007116 0.006908 0.006769 0.006699 
0.011312 0.011387 0.011535 0.011753 0.012038 0.012384 0.012784 0.013232 0.013719 0.014237 0.014774 0.015323 0.015871 0.016409 0.016927 0.017414 0.017861 0.018259 0.018600 0.018876 0.019081 0.019208 0.019256 0.019221 0.019103 0.018904 0.018625 0.018271 0.017847 0.017359 0.016816 0.016224 0.015591 0.014928 0.014243 0.013544 0.012841 0.012143 0.011459 0.010796 0.010162 0.009565 0.009010 0.008503 0.008050 0.007654 0.007319 0.007047 0.006842 0.006704 0.006635 
0.011158 0.011232 0.011377 0.011592 0.011872 0.012213 0.012607 0.013048 0.013527 0.014036 0.014565 0.015105 0.015644 0.016173 0.016683 0.017162 0.017602 0.017993 0.018328 0.018599 0.018799 0.018925 0.018971 0.018937 0.018821 0.018625 0.018350 0.018002 0.017585 0.017106 0.016571 0.015988 0.015366 0.014713 0.014038 0.013350 0.012658 0.011971 0.011297 0.010645 0.010021 0.009433 0.008886 0.008388 0.007941 0.007552 0.007222 0.006955 0.006753 0.006617 0.006549 
0.010965 0.011037 0.011179 0.011390 0.011664 0.011997 0.012383 0.012815 0.013284 0.013782 0.014301 0.014829 0.015357 0.015875 0.016373 0.016842 0.017272 0.017655 0.017982 0.018247 0.018443 0.018565 0.018610 0.018576 0.018463 0.018271 0.018002 0.017661 0.017253 0.016784 0.016260 0.015689 0.015080 0.014440 0.013779 0.013105 0.012427 0.011753 0.011093 0.010454 0.009842 0.009266 0.008731 0.008243 0.007805 0.007424 0.007100 0.006839 0.006641 0.006508 0.006441 
0.010735 0.010805 0.010944 0.011149 0.011416 0.011740 0.012116 0.012537 0.012994 0.013479 0.013984 0.014498 0.015013 0.015518 0.016003 0.016459 0.016878 0.017250 0.017569 0.017826 0.018016 0.018135 0.018178 0.018145 0.018034 0.017847 0.017585 0.017253 0.016856 0.016398 0.015887 0.015331 0.014737 0.014113 0.013468 0.012811 0.012150 0.011493 0.010849 0.010226 0.009630 0.009068 0.008546 0.008070 0.007644 0.007271 0.006956 0.006701 0.006508 0.006379 0.006314 
0.010471 0.010539 0.010674 0.010872 0.011131 0.011445 0.011810 0.012217 0.012661 0.013131 0.013620 0.014119 0.014617 0.015107 0.015577 0.016019 0.016424 0.016785 0.017093 0.017341 0.017525 0.017640 0.017682 0.017649 0.017541 0.017359 0.017106 0.016784 0.016398 0.015954 0.015459 0.014919 0.014342 0.013737 0.013111 0.012473 0.011831 0.011194 0.010569 0.009964 0.009385 0.008840 0.008334 0.007872 0.007458 0.007097 0.006791 0.006544 0.006357 0.006231 0.006168 
0.010178 0.010243 0.010372 0.010564 0.010813 0.011117 0.011468 0.011861 0.012289 0.012742 0.013214 0.013695 0.014176 0.014648 0.015101 0.015527 0.015918 0.016265 0.016562 0.016801 0.016978 0.017088 0.017128 0.017096 0.016991 0.016816 0.016571 0.016260 0.015887 0.015459 0.014981 0.014459 0.013902 0.013317 0.012712 0.012096 0.011476 0.010860 0.010256 0.009672 0.009113 0.008586 0.008097 0.007651 0.007251 0.006903 0.006608 0.006369 0.006188 0.006067 0.006006 
0.009858 0.009921 0.010045 0.010228 0.010468 0.010759 0.011096 0.011473 0.011883 0.012319 0.012772 0.013233 0.013695 0.014147 0.014583 0.014992 0.015366 0.015699 0.015983 0.016213 0.016382 0.016487 0.016524 0.016493 0.016393 0.016224 0.015988 0.015689 0.015331 0.014919 0.014459 0.013958 0.013422 0.012859 0.012278 0.011685 0.011089 0.010496 0.009916 0.009354 0.008816 0.008310 0.007840 0.007411 0.007027 0.006691 0.006408 0.006178 0.006004 0.005888 0.005829 
0.009517 0.009576 0.009695 0.009870 0.010099 0.010377 0.010698 0.011059 0.011450 0.011866 0.012299 0.012740 0.013181 0.013613 0.014029 0.014419 0.014777 0.015095 0.015366 0.015584 0.015745 0.015845 0.015880 0.015850 0.015754 0.015592 0.015366 0.015080 0.014737 0.014342 0.013902 0.013422 0.012909 0.012370 0.011813 0.011246 0.010675 0.010108 0.009552 0.009014 0.008500 0.008015 0.007565 0.007154 0.006787 0.006466 0.006195 0.005975 0.005808 0.005697 0.005641 
0.009159 0.009215 0.009328 0.009494 0.009712 0.009975 0.010281 0.010624 0.010996 0.011391 0.011803 0.012222 0.012641 0.013052 0.013447 0.013818 0.014158 0.014460 0.014717 0.014925 0.015077 0.015172 0.015205 0.015175 0.015083 0.014928 0.014713 0.014440 0.014113 0.013737 0.013317 0.012859 0.012370 0.011857 0.011326 0.010785 0.010241 0.009700 0.009170 0.008657 0.008167 0.007705 0.007277 0.006885 0.006535 0.006229 0.005971 0.005761 0.005603 0.005497 0.005443 
0.008788 0.008842 0.008949 0.009106 0.009311 0.009561 0.009850 0.010174 0.010526 0.010900 0.011289 0.011686 0.012083 0.012472 0.012845 0.013197 0.013518 0.013804 0.014047 0.014243 0.014387 0.014476 0.014507 0.014478 0.014390 0.014243 0.014038 0.013779 0.013468 0.013111 0.012712 0.012278 0.011813 0.011326 0.010822 0.010308 0.009792 0.009279 0.008776 0.008289 0.007824 0.007386 0.006979 0.006607 0.006275 0.005985 0.005740 0.005541 0.005391 0.005290 0.005239 
