0.000000 0.000000 0.000000 0.000000 0.000000 0.000000 0.000000 0.000000 0.000000 0.000000 0.000000 0.000000 0.000000 0.000000 0.000000 0.000000 0.000000 0.000000 0.000000 0.000000 0.000000 0.000000 0.000000 0.000000 0.000000 0.000000 0.000000 0.000000 0.000000 0.000000 0.000000 0.000000 0.000000 0.000000 0.000000 0.000000 0.000000 0.000000 0.000000 0.000000 0.000000 0.000000 0.000000 0.000000 0.000000 0.000000 0.000000 0.000000 0.000000 0.000000 0.000000 
0.000000 0.000000 0.000000 0.000000 0.000000 0.000000 0.000000 0.000000 0.000000 0.000000 0.000000 0.000000 0.000000 0.000000 0.000000 0.000000 0.000000 0.000000 0.000000 0.000000 0.000000 0.000000 0.000000 0.000000 0.000000 0.000000 0.000000 0.000000 0.000000 0.000000 0.000000 0.000000 0.000000 0.000000 0.000000 0.000000 0.000000 0.000000 0.000000 0.000000 0.000000 0.000000 0.000000 0.000000 0.000000 0.000000 0.000000 0.000000 0.000000 0.000000 0.000000 
0.000000 0.000000 0.000000 0.000000 0.000000 0.000000 0.000000 0.000000 0.000000 0.000000 0.000000 0.000000 0.000000 0.000000 0.000000 0.000000 0.000000 0.000000 0.000000 0.000000 0.000000 0.000000 0.000000 0.000000 0.000000 0.000000 0.000000 0.000000 0.000000 0.000000 0.000000 0.000000 0.000000 0.000000 0.000000 0.000000 0.000000 0.000000 0.000000 0.000000 0.000000 0.000000 0.000000 0.000000 0.000000 0.000000 0.000000 0.000000 0.000000 0.000000 0.000000 
0.000000 0.000000 0.000000 0.000000 0.000000 0.000000 0.000000 0.000000 0.000000 0.000000 0.000000 0.000000 0.000000 0.000000 0.000000 0.000000 0.000000 0.000000 0.000000 0.000000 0.000000 0.000000 0.000000 0.000000 0.000000 0.000000 0.000000 0.000000 0.000000 0.000000 0.000000 0.000000 0.000000 0.000000 0.000000 0.000000 0.000000 0.000000 0.000000 0.000000 0.000000 0.000000 0.000000 0.000000 0.000000 0.000000 0.000000 0.000000 0.000000 0.000000 0.000000 
0.000000 0.000000 0.000000 0.000000 0.000000 0.000000 0.000000 0.000000 0.000000 0.000000 0.000000 0.000000 0.000000 0.000000 0.000000 0.000000 0.000000 0.000000 0.000000 0.000000 0.000000 0.000000 0.000000 0.000000 0.000000 0.000000 0.000000 0.000000 0.000000 0.000000 0.000000 0.000000 0.000000 0.000000 0.000000 0.000000 0.000000 0.000000 0.000000 0.000000 0.000000 0.000000 0.000000 0.000000 0.000000 0.000000 0.000000 0.000000 0.000000 0.000000 0.000000 
0.000000 0.000000 0.000000 0.000000 0.000000 0.000000 0.000000 0.000000 0.000000 0.000000 0.000000 0.000000 0.000000 0.000000 0.000000 0.000000 0.000000 0.000000 0.000000 0.000000 0.000000 0.000000 0.000000 0.000000 0.000000 0.000000 0.000000 0.000000 0.000000 0.000000 0.000000 0.000000 0.000000 0.000000 0.000000 0.000000 0.000000 0.000000 0.000000 0.000000 0.000000 0.000000 0.000000 0.000000 0.000000 0.000000 0.000000 0.000000 0.000000 0.000000 0.000000 
0.000000 0.000000 0.000000 0.000000 0.000000 0.000000 0.000000 0.000000 0.000000 0.000000 0.000000 0.000000 0.000000 0.000000 0.000000 0.000000 0.000000 0.000000 0.000000 0.000000 0.000000 0.000000 0.000000 0.000000 0.000000 0.000000 0.000000 0.000000 0.000000 0.000000 0.000000 0.000000 0.000000 0.000000 0.000000 0.000000 0.000000 0.000000 0.000000 0.000000 0.000000 0.000000 0.000000 0.000000 0.000000 0.000000 0.000000 0.000000 0.000000 0.000000 0.000000 
0.000000 0.000000 0.000000 0.000000 0.000000 0.000000 0.000000 0.000000 0.000000 0.000000 0.000000 0.000000 0.000000 0.000000 0.000000 0.000000 0.000000 0.000000 0.000000 0.000000 0.000000 0.000000 0.000000 0.000000 0.000000 0.000000 0.000000 0.000000 0.000000 0.000000 0.000000 0.000000 0.000000 0.000000 0.000000 0.000000 0.000000 0.000000 0.000000 0.000000 0.000000 0.000000 0.000000 0.000000 0.000000 0.000000 0.000000 0.000000 0.000000 0.000000 0.000000 
0.000000 0.000000 0.000000 0.000000 0.000000 0.000000 0.000000 0.000000 0.000000 0.000000 0.000000 0.000000 0.000000 0.000000 0.000000 0.000000 0.000000 0.000000 0.000000 0.000000 0.000000 0.000000 0.000000 0.000000 0.000000 0.000000 0.000000 0.000000 0.000000 0.000000 0.000000 0.000000 0.000000 0.000000 0.000000 0.000000 0.000000 0.000000 0.000000 0.000000 0.000000 0.000000 0.000000 0.000000 0.000000 0.000000 0.000000 0.000000 0.000000 0.000000 0.000000 
0.000000 0.000000 0.000000 0.000000 0.000000 0.000000 0.000000 0.000000 0.000000 0.000000 0.000000 0.000000 0.000000 0.000000 0.000000 0.000000 0.000000 0.000000 0.000000 0.000000 0.000000 0.000000 0.000000 0.000000 0.000000 0.000000 0.000000 0.000000 0.000000 0.000000 0.000000 0.000000 0.000000 0.000000 0.000000 0.000000 0.000000 0.000000 0.000000 0.000000 0.000000 0.000000 0.000000 0.000000 0.000000 0.000000 0.000000 0.000000 0.000000 0.000000 0.000000 
0.000000 0.000000 0.000000 0.000000 0.000000 0.000000 0.000000 0.000000 0.000000 0.000000 0.000000 0.000000 0.000000 0.000000 0.000000 0.000000 0.000000 0.000000 0.000000 0.000000 0.000000 0.000000 0.000000 0.000000 0.000000 0.000000 0.000000 0.000000 0.000000 0.000000 0.000000 0.000000 0.000000 0.000000 0.000000 0.000000 0.000000 0.000000 0.000000 0.000000 0.000000 0.000000 0.000000 0.000000 0.000000 0.000000 0.000000 0.000000 0.000000 0.000000 0.000000 
0.000000 0.000000 0.000000 0.000000 0.000000 0.000000 0.000000 0.000000 0.000000 0.000000 0.000000 0.000000 0.000000 0.000000 0.000000 0.000000 0.000000 0.000000 0.000000 0.000000 0.000000 0.000000 0.000000 0.000000 0.000000 0.000000 0.000000 0.000000 0.000000 0.000000 0.000000 0.000000 0.000000 0.000000 0.000000 0.000000 0.000000 0.000000 0.000000 0.000000 0.000000 0.000000 0.000000 0.000000 0.000000 0.000000 0.000000 0.000000 0.000000 0.000000 0.000000 
0.000000 0.000000 0.000000 0.000000 0.000000 0.000000 0.000000 0.000000 0.000000 0.000000 0.000000 0.000000 0.000000 0.000000 0.000000 0.000000 0.000000 0.000000 0.000000 0.000000 0.000000 0.000000 0.000000 0.000000 0.000000 0.000000 0.000000 0.000000 0.000000 0.000000 0.000000 0.000000 0.000000 0.000000 0.000000 0.000000 0.000000 0.000000 0.000000 0.000000 0.000000 0.000000 0.000000 0.000000 0.000000 0.000000 0.000000 0.000000 0.000000 0.000000 0.000000 
0.000000 0.000000 0.000000 0.000000 0.000000 0.000000 0.000000 0.000000 0.000000 0.000000 0.000000 0.000000 0.000000 0.000000 0.000000 0.000000 0.000000 0.000000 0.000000 0.000000 0.000000 0.000000 0.000000 0.000000 0.000000 0.000000 0.000000 0.000000 0.000000 0.000000 0.000000 0.000000 0.000000 0.000000 0.000000 0.000000 0.000000 0.000000 0.000000 0.000000 0.000000 0.000000 0.000000 0.000000 0.000000 0.000000 0.000000 0.000000 0.000000 0.000000 0.000000 
0.000000 0.000000 0.000000 0.000000 0.000000 0.000000 0.000000 0.000000 0.000000 0.000000 0.000000 0.000000 0.000000 0.000000 0.000000 0.000000 0.000000 0.000000 0.000000 0.000000 0.000000 0.000000 0.000000 0.000000 0.000000 0.000000 0.000000 0.000000 0.000000 0.000000 0.000000 0.000000 0.000000 0.000000 0.000000 0.000000 0.000000 0.000000 0.000000 0.000000 0.000000 0.000000 0.000000 0.000000 0.000000 0.000000 0.000000 0.000000 0.000000 0.000000 0.000000 
0.000000 0.000000 0.000000 0.000000 0.000000 0.000000 0.000000 0.000000 0.000000 0.000000 0.000000 0.000000 0.000000 0.000000 0.000000 0.000000 0.000000 0.000000 0.000000 0.000000 0.000000 0.000000 0.000000 0.000000 0.000000 0.000000 0.000000 0.000000 0.000000 0.000000 0.000000 0.000000 0.000000 0.000000 0.000000 0.000000 0.000000 0.000000 0.000000 0.000000 0.000000 0.000000 0.000000 0.000000 0.000000 0.000000 0.000000 0.000000 0.000000 0.000000 0.000000 
0.000000 0.000000 0.000000 0.000000 0.000000 0.000000 0.000000 0.000000 0.000000 0.000000 0.000000 0.000000 0.000000 0.000000 0.000000 0.000000 0.000000 0.000000 0.000000 0.000000 0.000000 0.000000 0.000000 0.000000 0.000000 0.000000 0.000000 0.000000 0.000000 0.000000 0.000000 0.000000 0.000000 0.000000 0.000000 0.000000 0.000000 0.000000 0.000000 0.000000 0.000000 0.000000 0.000000 0.000000 0.000000 0.000000 0.000000 0.000000 0.000000 0.000000 0.000000 
0.000000 0.000000 0.000000 0.000000 0.000000 0.000000 0.000000 0.000000 0.000000 0.000000 0.000000 0.000000 0.000000 0.000000 0.000000 0.000000 0.000000 0.000000 0.000000 0.000000 0.000000 0.000000 0.000000 0.000000 0.000000 0.000000 0.000000 0.000000 0.000000 0.000000 0.000000 0.000000 0.000000 0.000000 0.000000 0.000000 0.000000 0.000000 0.000000 0.000000 0.000000 0.000000 0.000000 0.000000 0.000000 0.000000 0.000000 0.000000 0.000000 0.000000 0.000000 
0.000000 0.000000 0.000000 0.000000 0.000000 0.000000 0.000000 0.000000 0.000000 0.000000 0.000000 0.000000 0.000000 0.000000 0.000000 0.000000 0.000000 0.000000 0.000000 0.000000 0.000000 0.000000 0.000000 0.000000 0.000000 0.000000 0.000000 0.000000 0.000000 0.000000 0.000000 0.000000 0.000000 0.000000 0.000000 0.000000 0.000000 0.000000 0.000000 0.000000 0.000000 0.000000 0.000000 0.000000 0.000000 0.000000 0.000000 0.000000 0.000000 0.000000 0.000000 
0.000000 0.000000 0.000000 0.000000 0.000000 0.000000 0.000000 0.000000 0.000000 0.000000 0.000000 0.000000 0.000000 0.000000 0.000000 0.000000 0.000000 0.000000 0.000000 0.000000 0.000000 0.000000 0.000000 0.000000 0.000000 0.000000 0.000000 0.000000 0.000000 0.000000 0.000000 0.000000 0.000000 0.000000 0.000000 0.000000 0.000000 0.000000 0.000000 0.000000 0.000000 0.000000 0.000000 0.000000 0.000000 0.000000 0.000000 0.000000 0.000000 0.000000 0.000000 
0.000000 0.000000 0.000000 0.000000 0.000000 0.000000 0.000000 0.000000 0.000000 0.000000 0.000000 0.000000 0.000000 0.000000 0.000000 0.000000 0.000000 0.000000 0.000000 0.000000 0.000000 0.000000 0.000000 0.000000 0.000000 0.000000 0.000000 0.000000 0.000000 0.000000 0.000000 0.000000 0.000000 0.000000 0.000000 0.000000 0.000000 0.000000 0.000000 0.000000 0.000000 0.000000 0.000000 0.000000 0.000000 0.000000 0.000000 0.000000 0.000000 0.000000 0.000000 
0.000000 0.000000 0.000000 0.000000 0.000000 0.000000 0.000000 0.000000 0.000000 0.000000 0.000000 0.000000 0.000000 0.000000 0.000000 0.000000 0.000000 0.000000 0.000000 0.000000 0.000000 0.000000 0.000000 0.000000 0.000000 0.000000 0.000000 0.000000 0.000000 0.000000 0.000000 0.000000 0.000000 0.000000 0.000000 0.000000 0.000000 0.000000 0.000000 0.000000 0.000000 0.000000 0.000000 0.000000 0.000000 0.000000 0.000000 0.000000 0.000000 0.000000 0.000000 
0.000000 0.000000 0.000000 0.000000 0.000000 0.000000 0.000000 0.000000 0.000000 0.000000 0.000000 0.000000 0.000000 0.000000 0.000000 0.000000 0.000000 0.000000 0.000000 0.000000 0.000000 0.000000 0.000000 0.000000 0.000000 0.000000 0.000000 0.000000 0.000000 0.000000 0.000000 0.000000 0.000000 0.000000 0.000000 0.000000 0.000000 0.000000 0.000000 0.000000 0.000000 0.000000 0.000000 0.000000 0.000000 0.000000 0.000000 0.000000 0.000000 0.000000 0.000000 
0.000000 0.000000 0.000000 0.000000 0.000000 0.000000 0.000000 0.000000 0.000000 0.000000 0.000000 0.000000 0.000000 0.000000 0.000000 0.000000 0.000000 0.000000 0.000000 0.000000 0.000000 0.000000 0.000000 0.000000 0.000000 0.000000 0.000000 0.000000 0.000000 0.000000 0.000000 0.000000 0.000000 0.000000 0.000000 0.000000 0.000000 0.000000 0.000000 0.000000 0.000000 0.000000 0.000000 0.000000 0.000000 0.000000 0.000000 0.000000 0.000000 0.000000 0.000000 
0.000000 0.000000 0.000000 0.000000 0.000000 0.000000 0.000000 0.000000 0.000000 0.000000 0.000000 0.000000 0.000000 0.000000 0.000000 0.000000 0.000000 0.000000 0.000000 0.000000 0.000000 0.000000 0.000000 0.000000 0.000000 0.000000 0.000000 0.000000 0.000000 0.000000 0.000000 0.000000 0.000000 0.000000 0.000000 0.000000 0.000000 0.000000 0.000000 0.000000 0.000000 0.000000 0.000000 0.000000 0.000000 0.000000 0.000000 0.000000 0.000000 0.000000 0.000000 
0.000000 0.000000 0.000000 0.000000 0.000000 0.000000 0.000000 0.000000 0.000000 0.000000 0.000000 0.000000 0.000000 0.000000 0.000000 0.000000 0.000000 0.000000 0.000000 0.000000 0.000000 0.000000 0.000000 0.000000 0.000000 0.000000 0.000000 0.000000 0.000000 0.000000 0.000000 0.000000 0.000000 0.000000 0.000000 0.000000 0.000000 0.000000 0.000000 0.000000 0.000000 0.000000 0.000000 0.000000 0.000000 0.000000 0.000000 0.000000 0.000000 0.000000 0.000000 
0.000000 0.000000 0.000000 0.000000 0.000000 0.000000 0.000000 0.000000 0.000000 0.000000 0.000000 0.000000 0.000000 0.000000 0.000000 0.000000 0.000000 0.000000 0.000000 0.000000 0.000000 0.000000 0.000000 0.000000 0.000000 0.000000 0.000000 0.000000 0.000000 0.000000 0.000000 0.000000 0.000000 0.000000 0.000000 0.000000 0.000000 0.000000 0.000000 0.000000 0.000000 0.000000 0.000000 0.000000 0.000000 0.000000 0.000000 0.000000 0.000000 0.000000 0.000000 
0.000000 0.000000 0.000000 0.000000 0.000000 0.000000 0.000000 0.000000 0.000000 0.000000 0.000000 0.000000 0.000000 0.000000 0.000000 0.000000 0.000000 0.000000 0.000000 0.000000 0.000000 0.000000 0.000000 0.000000 0.000000 0.000000 0.000000 0.000000 0.000000 0.000000 0.000000 0.000000 0.000000 0.000000 0.000000 0.000000 0.000000 0.000000 0.000000 0.000000 0.000000 0.000000 0.000000 0.000000 0.000000 0.000000 0.000000 0.000000 0.000000 0.000000 0.000000 
0.000000 0.000000 0.000000 0.000000 0.000000 0.000000 0.000000 0.000000 0.000000 0.000000 0.000000 0.000000 0.000000 0.000000 0.000000 0.000000 0.000000 0.000000 0.000000 0.000000 0.000000 0.000000 0.000000 0.000000 0.000000 0.000000 0.000000 0.000000 0.000000 0.000000 0.000000 0.000000 0.000000 0.000000 0.000000 0.000000 0.000000 0.000000 0.000000 0.000000 0.000000 0.000000 0.000000 0.000000 0.000000 0.000000 0.000000 0.000000 0.000000 0.000000 0.000000 
0.000000 0.000000 0.000000 0.000000 0.000000 0.000000 0.000000 0.000000 0.000000 0.000000 0.000000 0.000000 0.000000 0.000000 0.000000 0.000000 0.000000 0.000000 0.000000 0.000000 0.000000 0.000000 0.000000 0.000000 0.000000 0.000000 0.000000 0.000000 0.000000 0.000000 0.000000 0.000000 0.000000 0.000000 0.000000 0.000000 0.000000 0.000000 0.000000 0.000000 0.000000 0.000000 0.000000 0.000000 0.000000 0.000000 0.000000 0.000000 0.000000 0.000000 0.000000 
0.000000 0.000000 0.000000 0.000000 0.000000 0.000000 0.000000 0.000000 0.000000 0.000000 0.000000 0.000000 0.000000 0.000000 0.000000 0.000000 0.000000 0.000000 0.000000 0.000000 0.000000 0.000000 0.000000 0.000000 0.000000 0.000000 0.000000 0.000000 0.000000 0.000000 0.000000 0.000000 0.000000 0.000000 0.000000 0.000000 0.000000 0.000000 0.000000 0.000000 0.000000 0.000000 0.000000 0.000000 0.000000 0.000000 0.000000 0.000000 0.000000 0.000000 0.000000 
0.000000 0.000000 0.000000 0.000000 0.000000 0.000000 0.000000 0.000000 0.000000 0.000000 0.000000 0.000000 0.000000 0.000000 0.000000 0.000000 0.000000 0.000000 0.000000 0.000000 0.000000 0.000000 0.000000 0.000000 0.000000 0.000000 0.000000 0.000000 0.000000 0.000000 0.000000 0.000000 0.000000 0.000000 0.000000 0.000000 0.000000 0.000000 0.000000 0.000000 0.000000 0.000000 0.000000 0.000000 0.000000 0.000000 0.000000 0.000000 0.000000 0.000000 0.000000 
0.000000 0.000000 0.000000 0.000000 0.000000 0.000000 0.000000 0.000000 0.000000 0.000000 0.000000 0.000000 0.000000 0.000000 0.000000 0.000000 0.000000 0.000000 0.000000 0.000000 0.000000 0.000000 0.000000 0.000000 0.000000 0.000000 0.000000 0.000000 0.000000 0.000000 0.000000 0.000000 0.000000 0.000000 0.000000 0.000000 0.000000 0.000000 0.000000 0.000000 0.000000 0.000000 0.000000 0.000000 0.000000 0.000000 0.000000 0.000000 0.000000 0.000000 0.000000 
0.000000 0.000000 0.000000 0.000000 0.000000 0.000000 0.000000 0.000000 0.000000 0.000000 0.000000 0.000000 0.000000 0.000000 0.000000 0.000000 0.000000 0.000000 0.000000 0.000000 0.000000 0.000000 0.000000 0.000000 0.000000 0.000000 0.000000 0.000000 0.000000 0.000000 0.000000 0.000000 0.000000 0.000000 0.000000 0.000000 0.000000 0.000000 0.000000 0.000000 0.000000 0.000000 0.000000 0.000000 0.000000 0.000000 0.000000 0.000000 0.000000 0.000000 0.000000 
0.000000 0.000000 0.000000 0.000000 0.000000 0.000000 0.000000 0.000000 0.000000 0.000000 0.000000 0.000000 0.000000 0.000000 0.000000 0.000000 0.000000 0.000000 0.000000 0.000000 0.000000 0.000000 0.000000 0.000000 0.000000 0.000000 0.000000 0.000000 0.000000 0.000000 0.000000 0.000000 0.000000 0.000000 0.000000 0.000000 0.000000 0.000000 0.000000 0.000000 0.000000 0.000000 0.000000 0.000000 0.000000 0.000000 0.000000 0.000000 0.000000 0.000000 0.000000 
0.000000 0.000000 0.000000 0.000000 0.000000 0.000000 0.000000 0.000000 0.000000 0.000000 0.000000 0.000000 0.000000 0.000000 0.000000 0.000000 0.000000 0.000000 0.000000 0.000000 0.000000 0.000000 0.000000 0.000000 0.000000 0.000000 0.000000 0.000000 0.000000 0.000000 0.000000 0.000000 0.000000 0.000000 0.000000 0.000000 0.000000 0.000000 0.000000 0.000000 0.000000 0.000000 0.000000 0.000000 0.000000 0.000000 0.000000 0.000000 0.000000 0.000000 0.000000 
0.000000 0.000000 0.000000 0.000000 0.000000 0.000000 0.000000 0.000000 0.000000 0.000000 0.000000 0.000000 0.000000 0.000000 0.000000 0.000000 0.000000 0.000000 0.000000 0.000000 0.000000 0.000000 0.000000 0.000000 0.000000 0.000000 0.000000 0.000000 0.000000 0.000000 0.000000 0.000000 0.000000 0.000000 0.000000 0.000000 0.000000 0.000000 0.000000 0.000000 0.000000 0.000000 0.000000 0.000000 0.000000 0.000000 0.000000 0.000000 0.000000 0.000000 0.000000 
0.000000 0.000000 0.000000 0.000000 0.000000 0.000000 0.000000 0.000000 0.000000 0.000000 0.000000 0.000000 0.000000 0.000000 0.000000 0.000000 0.000000 0.000000 0.000000 0.000000 0.000000 0.000000 0.000000 0.000000 0.000000 0.000000 0.000000 0.000000 0.000000 0.000000 0.000000 0.000000 0.000000 0.000000 0.000000 0.000000 0.000000 0.000000 0.000000 0.000000 0.000000 0.000000 0.000000 0.000000 0.000000 0.000000 0.000000 0.000000 0.000000 0.000000 0.000000 
0.000000 0.000000 0.000000 0.000000 0.000000 0.000000 0.000000 0.000000 0.000000 0.000000 0.000000 0.000000 0.000000 0.000000 0.000000 0.000000 0.000000 0.000000 0.000000 0.000000 0.000000 0.000000 0.000000 0.000000 0.000000 0.000000 0.000000 0.000000 0.000000 0.000000 0.000000 0.000000 0.000000 0.000000 0.000000 0.000000 0.000000 0.000000 0.000000 0.000000 0.000000 0.000000 0.000000 0.000000 0.000000 0.000000 0.000000 0.000000 0.000000 0.000000 0.000000 
0.000000 0.000000 0.000000 0.000000 0.000000 0.000000 0.000000 0.000000 0.000000 0.000000 0.000000 0.000000 0.000000 0.000000 0.000000 0.000000 0.000000 0.000000 0.000000 0.000000 0.000000 0.000000 0.000000 0.000000 0.000000 0.000000 0.000000 0.000000 0.000000 0.000000 0.000000 0.000000 0.000000 0.000000 0.000000 0.000000 0.000000 0.000000 0.000000 0.000000 0.000000 0.000000 0.000000 0.000000 0.000000 0.000000 0.000000 0.000000 0.000000 0.000000 0.000000 
0.000000 0.000000 0.000000 0.000000 0.000000 0.000000 0.000000 0.000000 0.000000 0.000000 0.000000 0.000000 0.000000 0.000000 0.000000 0.000000 0.000000 0.000000 0.000000 0.000000 0.000000 0.000000 0.000000 0.000000 0.000000 0.000000 0.000000 0.000000 0.000000 0.000000 0.000000 0.000000 0.000000 0.000000 0.000000 0.000000 0.000000 0.000000 0.000000 0.000000 0.000000 0.000000 0.000000 0.000000 0.000000 0.000000 0.000000 0.000000 0.000000 0.000000 0.000000 
0.000000 0.000000 0.000000 0.000000 0.000000 0.000000 0.000000 0.000000 0.000000 0.000000 0.000000 0.000000 0.000000 0.000000 0.000000 0.000000 0.000000 0.000000 0.000000 0.000000 0.000000 0.000000 0.000000 0.000000 0.000000 0.000000 0.000000 0.000000 0.000000 0.000000 0.000000 0.000000 0.000000 0.000000 0.000000 0.000000 0.000000 0.000000 0.000000 0.000000 0.000000 0.000000 0.000000 0.000000 0.000000 0.000000 0.000000 0.000000 0.000000 0.000000 0.000000 
0.000000 0.000000 0.000000 0.000000 0.000000 0.000000 0.000000 0.000000 0.000000 0.000000 0.000000 0.000000 0.000000 0.000000 0.000000 0.000000 0.000000 0.000000 0.000000 0.000000 0.000000 0.000000 0.000000 0.000000 0.000000 0.000000 0.000000 0.000000 0.000000 0.000000 0.000000 0.000000 0.000000 0.000000 0.000000 0.000000 0.000000 0.000000 0.000000 0.000000 0.000000 0.000000 0.000000 0.000000 0.000000 0.000000 0.000000 0.000000 0.000000 0.000000 0.000000 
0.000000 0.000000 0.000000 0.000000 0.000000 0.000000 0.000000 0.000000 0.000000 0.000000 0.000000 0.000000 0.000000 0.000000 0.000000 0.000000 0.000000 0.000000 0.000000 0.000000 0.000000 0.000000 0.000000 0.000000 0.000000 0.000000 0.000000 0.000000 0.000000 0.000000 0.000000 0.000000 0.000000 0.000000 0.000000 0.000000 0.000000 0.000000 0.000000 0.000000 0.000000 0.000000 0.000000 0.000000 0.000000 0.000000 0.000000 0.000000 0.000000 0.000000 0.000000 
0.000000 0.000000 0.000000 0.000000 0.000000 0.000000 0.000000 0.000000 0.000000 0.000000 0.000000 0.000000 0.000000 0.000000 0.000000 0.000000 0.000000 0.000000 0.000000 0.000000 0.000000 0.000000 0.000000 0.000000 0.000000 0.000000 0.000000 0.000000 0.000000 0.000000 0.000000 0.000000 0.000000 0.000000 0.000000 0.000000 0.000000 0.000000 0.000000 0.000000 0.000000 0.000000 0.000000 0.000000 0.000000 0.000000 0.000000 0.000000 0.000000 0.000000 0.000000 
0.000000 0.000000 0.000000 0.000000 0.000000 0.000000 0.000000 0.000000 0.000000 0.000000 0.000000 0.000000 0.000000 0.000000 0.000000 0.000000 0.000000 0.000000 0.000000 0.000000 0.000000 0.000000 0.000000 0.000000 0.000000 0.000000 0.000000 0.000000 0.000000 0.000000 0.000000 0.000000 0.000000 0.000000 0.000000 0.000000 0.000000 0.000000 0.000000 0.000000 0.000000 0.000000 0.000000 0.000000 0.000000 0.000000 0.000000 0.000000 0.000000 0.000000 0.000000 
0.000000 0.000000 0.000000 0.000000 0.000000 0.000000 0.000000 0.000000 0.000000 0.000000 0.000000 0.000000 0.000000 0.000000 0.000000 0.000000 0.000000 0.000000 0.000000 0.000000 0.000000 0.000000 0.000000 0.000000 0.000000 0.000000 0.000000 0.000000 0.000000 0.000000 0.000000 0.000000 0.000000 0.000000 0.000000 0.000000 0.000000 0.000000 0.000000 0.000000 0.000000 0.000000 0.000000 0.000000 0.000000 0.000000 0.000000 0.000000 0.000000 0.000000 0.000000 
0.000000 0.000000 0.000000 0.000000 0.000000 0.000000 0.000000 0.000000 0.000000 0.000000 0.000000 0.000000 0.000000 0.000000 0.000000 0.000000 0.000000 0.000000 0.000000 0.000000 0.000000 0.000000 0.000000 0.000000 0.000000 0.000000 0.000000 0.000000 0.000000 0.000000 0.000000 0.000000 0.000000 0.000000 0.000000 0.000000 0.000000 0.000000 0.000000 0.000000 0.000000 0.000000 0.000000 0.000000 0.000000 0.000000 0.000000 0.000000 0.000000 0.000000 0.000000 
0.000000 0.000000 0.000000 0.000000 0.000000 0.000000 0.000000 0.000000 0.000000 0.000000 0.000000 0.000000 0.000000 0.000000 0.000000 0.000000 0.000000 0.000000 0.000000 0.000000 0.000000 0.000000 0.000000 0.000000 0.000000 0.000000 0.000000 0.000000 0.000000 0.000000 0.000000 0.000000 0.000000 0.000000 0.000000 0.000000 0.000000 0.000000 0.000000 0.000000 0.000000 0.000000 0.000000 0.000000 0.000000 0.000000 0.000000 0.000000 0.000000 0.000000 0.000000 
0.000000 0.000000 0.000000 0.000000 0.000000 0.000000 0.000000 0.000000 0.000000 0.000000 0.000000 0.000000 0.000000 0.000000 0.000000 0.000000 0.000000 0.000000 0.000000 0.000000 0.000000 0.000000 0.000000 0.000000 0.000000 0.000000 0.000000 0.000000 0.000000 0.000000 0.000000 0.000000 0.000000 0.000000 0.000000 0.000000 0.000000 0.000000 0.000000 0.000000 0.000000 0.000000 0.000000 0.000000 0.000000 0.000000 0.000000 0.000000 0.000000 0.000000 0.000000 
0.000000 0.000000 0.000000 0.000000 0.000000 0.000000 0.000000 0.000000 0.000000 0.000000 0.000000 0.000000 0.000000 0.000000 0.000000 0.000000 0.000000 0.000000 0.000000 0.000000 0.000000 0.000000 0.000000 0.000000 0.000000 0.000000 0.000000 0.000000 0.000000 0.000000 0.000000 0.000000 0.000000 0.000000 0.000000 0.000000 0.000000 0.000000 0.000000 0.000000 0.000000 0.000000 0.000000 0.000000 0.000000 0.000000 0.000000 0.000000 0.000000 0.000000 0.000000 
--
0.007914 0.007956 0.008039 0.008161 0.008321 0.008516 0.008742 0.008995 0.009272 0.009567 0.009874 0.010188 0.010503 0.010812 0.011110 0.011391 0.011648 0.011876 0.012070 0.012225 0.012339 0.012407 0.012428 0.012400 0.012323 0.012198 0.012026 0.011809 0.011550 0.011254 0.010924 0.010566 0.010184 0.009783 0.009371 0.008951 0.008530 0.008113 0.007705 0.007311 0.006935 0.006581 0.006252 0.005953 0.005685 0.005452 0.005254 0.005094 0.004973 0.004892 0.004851 
0.007956 0.007998 0.008082 0.008206 0.008367 0.008564 0.008793 0.009049 0.009329 0.009627 0.009938 0.010256 0.010574 0.010887 0.011189 0.011473 0.011733 0.011963 0.012160 0.012317 0.012432 0.012502 0.012523 0.012495 0.012418 0.012291 0.012117 0.011898 0.011637 0.011338 0.011004 0.010642 0.010256 0.009852 0.009435 0.009012 0.008586 0.008165 0.007753 0.007355 0.006975 0.006618 0.006287 0.005985 0.005714 0.005479 0.005279 0.005118 0.004996 0.004914 0.004873 
0.008039 0.008082 0.008167 0.008294 0.008459 0.008660 0.008894 0.009156 0.009442 0.009747 0.010065 0.010390 0.010716 0.011036 0.011344 0.011635 0.011901 0.012137 0.012339 0.012500 0.012618 0.012689 0.012711 0.012683 0.012605 0.012476 0.012299 0.012075 0.011809 0.011503 0.011163 0.010794 0.010400 0.009988 0.009563 0.009131 0.008698 0.008268 0.007849 0.007443 0.007056 0.006692 0.006355 0.006047 0.005772 0.005532 0.005329 0.005165 0.005041 0.004958 0.004916 
0.008161 0.008206 0.008294 0.008424 0.008595 0.008803 0.009044 0.009315 0.009610 0.009925 0.010253 0.010588 0.010925 0.011256 0.011575 0.011875 0.012150 0.012395 0.012603 0.012771 0.012893 0.012967 0.012991 0.012962 0.012882 0.012750 0.012567 0.012337 0.012063 0.011749 0.011399 0.011019 0.010613 0.010189 0.009752 0.009308 0.008862 0.008421 0.007990 0.007573 0.007175 0.006802 0.006455 0.006139 0.005857 0.005611 0.005403 0.005235 0.005107 0.005022 0.004979 
0.008321 0.008367 0.008459 0.008595 0.008772 0.008989 0.009240 0.009522 0.009829 0.010157 0.010499 0.010848 0.011199 0.011544 0.011876 0.012190 0.012477 0.012732 0.012950 0.013125 0.013253 0.013331 0.013356 0.013327 0.013244 0.013108 0.012919 0.012680 0.012396 0.012070 0.011707 0.011313 0.010893 0.010453 0.010000 0.009539 0.009078 0.008621 0.008174 0.007743 0.007331 0.006945 0.006587 0.006260 0.005969 0.005714 0.005500 0.005326 0.005194 0.005106 0.005062 
0.008516 0.008564 0.008660 0.008803 0.008989 0.009215 0.009478 0.009774 0.010096 0.010440 0.010798 0.011165 0.011533 0.011895 0.012244 0.012573 0.012875 0.013143 0.013372 0.013557 0.013692 0.013775 0.013802 0.013773 0.013687 0.013545 0.013348 0.013099 0.012802 0.012462 0.012083 0.011671 0.011233 0.010774 0.010301 0.009821 0.009340 0.008864 0.008398 0.007949 0.007521 0.007119 0.006747 0.006407 0.006104 0.005840 0.005617 0.005436 0.005300 0.005208 0.005162 
0.008742 0.008793 0.008894 0.009044 0.009240 0.009478 0.009756 0.010067 0.010407 0.010769 0.011147 0.011533 0.011922 0.012304 0.012672 0.013019 0.013338 0.013622 0.013865 0.014060 0.014203 0.014292 0.014322 0.014292 0.014203 0.014054 0.013848 0.013587 0.013275 0.012918 0.012521 0.012089 0.011629 0.011148 0.010652 0.010149 0.009645 0.009147 0.008660 0.008190 0.007742 0.007322 0.006933 0.006578 0.006262 0.005986 0.005753 0.005565 0.005422 0.005327 0.005279 
0.008995 0.009049 0.009156 0.009315 0.009522 0.009774 0.010067 0.010396 0.010755 0.011138 0.011538 0.011947 0.012358 0.012763 0.013153 0.013521 0.013860 0.014161 0.014418 0.014626 0.014779 0.014874 0.014907 0.014876 0.014783 0.014627 0.014410 0.014135 0.013808 0.013431 0.013013 0.012558 0.012074 0.011568 0.011047 0.010518 0.009988 0.009464 0.008953 0.008460 0.007990 0.007549 0.007141 0.006770 0.006439 0.006150 0.005906 0.005709 0.005560 0.005460 0.005410 
0.009272 0.009329 0.009442 0.009610 0.009829 0.010096 0.010407 0.010755 0.011136 0.011542 0.011965 0.012399 0.012835 0.013265 0.013679 0.014070 0.014430 0.014750 0.015024 0.015246 0.015409 0.015511 0.015547 0.015516 0.015418 0.015254 0.015025 0.014736 0.014390 0.013993 0.013551 0.013071 0.012561 0.012027 0.011478 0.010921 0.010363 0.009811 0.009273 0.008755 0.008261 0.007798 0.007369 0.006979 0.006631 0.006328 0.006073 0.005866 0.005710 0.005605 0.005552 
0.009567 0.009627 0.009747 0.009925 0.010157 0.010440 0.010769 0.011138 0.011542 0.011972 0.012422 0.012882 0.013345 0.013801 0.014241 0.014657 0.015039 0.015380 0.015672 0.015909 0.016083 0.016192 0.016232 0.016201 0.016098 0.015925 0.015684 0.015378 0.015013 0.014593 0.014126 0.013620 0.013081 0.012518 0.011938 0.011350 0.010762 0.010182 0.009615 0.009069 0.008550 0.008062 0.007612 0.007202 0.006837 0.006518 0.006250 0.006033 0.005869 0.005759 0.005704 
0.009874 0.009938 0.010065 0.010253 0.010499 0.010798 0.011147 0.011538 0.011965 0.012422 0.012898 0.013387 0.013878 0.014362 0.014829 0.015271 0.015678 0.016040 0.016351 0.016603 0.016790 0.016907 0.016951 0.016919 0.016811 0.016629 0.016374 0.016051 0.015665 0.015222 0.014729 0.014194 0.013625 0.013030 0.012419 0.011800 0.011180 0.010568 0.009972 0.009397 0.008851 0.008339 0.007865 0.007434 0.007051 0.006716 0.006435 0.006207 0.006035 0.005919 0.005862 
0.010188 0.010256 0.010390 0.010588 0.010848 0.011165 0.011533 0.011947 0.012399 0.012882 0.013387 0.013904 0.014424 0.014937 0.015433 0.015901 0.016333 0.016719 0.017050 0.017318 0.017517 0.017643 0.017690 0.017658 0.017545 0.017353 0.017084 0.016743 0.016335 0.015868 0.015347 0.014783 0.014183 0.013556 0.012913 0.012260 0.011608 0.010964 0.010337 0.009733 0.009159 0.008621 0.008124 0.007672 0.007269 0.006919 0.006623 0.006384 0.006204 0.006083 0.006023 
0.010503 0.010574 0.010716 0.010925 0.011199 0.011533 0.011922 0.012358 0.012835 0.013345 0.013878 0.014424 0.014973 0.015516 0.016041 0.016537 0.016994 0.017403 0.017754 0.018039 0.018252 0.018385 0.018437 0.018404 0.018286 0.018083 0.017800 0.017441 0.017012 0.016519 0.015971 0.015376 0.014745 0.014086 0.013409 0.012723 0.012038 0.011362 0.010704 0.010070 0.009469 0.008905 0.008384 0.007910 0.007488 0.007122 0.006812 0.006562 0.006374 0.006247 0.006184 
0.010812 0.010887 0.011036 0.011256 0.011544 0.011895 0.012304 0.012763 0.013265 0.013801 0.014362 0.014937 0.015516 0.016088 0.016641 0.017165 0.017648 0.018080 0.018452 0.018754 0.018979 0.019122 0.019178 0.019144 0.019020 0.018808 0.018511 0.018133 0.017681 0.017163 0.016587 0.015963 0.015300 0.014609 0.013899 0.013180 0.012462 0.011755 0.011066 0.010403 0.009773 0.009183 0.008639 0.008144 0.007704 0.007321 0.006998 0.006737 0.006540 0.006408 0.006342 
0.011110 0.011189 0.011345 0.011575 0.011876 0.012244 0.012672 0.013153 0.013679 0.014241 0.014829 0.015433 0.016041 0.016641 0.017223 0.017773 0.018282 0.018737 0.019129 0.019448 0.019686 0.019838 0.019898 0.019863 0.019734 0.019512 0.019200 0.018804 0.018331 0.017788 0.017185 0.016531 0.015838 0.015114 0.014372 0.013622 0.012872 0.012134 0.011415 0.010723 0.010067 0.009452 0.008885 0.008370 0.007911 0.007512 0.007176 0.006905 0.006700 0.006562 0.006494 
0.011391 0.011473 0.011635 0.011875 0.012190 0.012573 0.013020 0.013521 0.014070 0.014657 0.015271 0.015901 0.016537 0.017165 0.017773 0.018350 0.018883 0.019361 0.019773 0.020108 0.020359 0.020519 0.020583 0.020548 0.020414 0.020182 0.019856 0.019443 0.018948 0.018381 0.017751 0.017069 0.016346 0.015593 0.014820 0.014039 0.013259 0.012491 0.011744 0.011026 0.010344 0.009706 0.009117 0.008582 0.008106 0.007693 0.007344 0.007062 0.006850 0.006708 0.006636 
0.011648 0.011733 0.011901 0.012151 0.012477 0.012875 0.013338 0.013860 0.014430 0.015039 0.015678 0.016333 0.016994 0.017648 0.018282 0.018883 0.019440 0.019938 0.020369 0.020720 0.020983 0.021151 0.021219 0.021184 0.021044 0.020803 0.020464 0.020034 0.019519 0.018929 0.018275 0.017567 0.016816 0.016034 0.015233 0.014423 0.013616 0.012820 0.012047 0.011303 0.010598 0.009938 0.009329 0.008777 0.008285 0.007858 0.007497 0.007207 0.006987 0.006840 0.006766 
0.011876 0.011963 0.012137 0.012395 0.012732 0.013143 0.013622 0.014161 0.014750 0.015380 0.016041 0.016719 0.017403 0.018080 0.018737 0.019361 0.019938 0.020457 0.020904 0.021270 0.021545 0.021720 0.021792 0.021756 0.021612 0.021363 0.021011 0.020565 0.020032 0.019421 0.018744 0.018012 0.017236 0.016429 0.015602 0.014766 0.013933 0.013114 0.012316 0.011551 0.010825 0.010145 0.009518 0.008950 0.008444 0.008004 0.007633 0.007334 0.007108 0.006957 0.006881 
0.012070 0.012160 0.012339 0.012603 0.012950 0.013372 0.013865 0.014418 0.015024 0.015672 0.016352 0.017050 0.017754 0.018452 0.019129 0.019773 0.020369 0.020904 0.021367 0.021746 0.022031 0.022213 0.022288 0.022252 0.022104 0.021847 0.021485 0.021024 0.020475 0.019846 0.019149 0.018396 0.017598 0.016768 0.015919 0.015061 0.014206 0.013365 0.012547 0.011762 0.011018 0.010321 0.009679 0.009097 0.008578 0.008128 0.007748 0.007442 0.007211 0.007056 0.006979 
0.012226 0.012318 0.012500 0.012771 0.013125 0.013557 0.014060 0.014626 0.015246 0.015909 0.016603 0.017318 0.018039 0.018754 0.019448 0.020108 0.020720 0.021270 0.021746 0.022136 0.022429 0.022618 0.022696 0.022659 0.022508 0.022244 0.021872 0.021400 0.020837 0.020193 0.019479 0.018708 0.017892 0.017044 0.016176 0.015300 0.014427 0.013568 0.012734 0.011933 0.011174 0.010463 0.009809 0.009215 0.008686 0.008227 0.007840 0.007528 0.007293 0.007135 0.007056 
0.012339 0.012432 0.012618 0.012893 0.013253 0.013692 0.014204 0.014779 0.015409 0.016084 0.016790 0.017517 0.018252 0.018979 0.019687 0.020359 0.020983 0.021545 0.022031 0.022429 0.022729 0.022923 0.023003 0.022966 0.022812 0.022543 0.022164 0.021683 0.021109 0.020453 0.019727 0.018942 0.018112 0.017250 0.016368 0.015477 0.014591 0.013719 0.012872 0.012059 0.011288 0.010568 0.009903 0.009301 0.008765 0.008299 0.007907 0.007590 0.007351 0.007191 0.007111 
0.012407 0.012502 0.012689 0.012967 0.013331 0.013775 0.014292 0.014874 0.015511 0.016192 0.016907 0.017643 0.018386 0.019122 0.019838 0.020519 0.021151 0.021720 0.022213 0.022618 0.022923 0.023120 0.023201 0.023165 0.023009 0.022736 0.022353 0.021865 0.021284 0.020620 0.019885 0.019091 0.018252 0.017380 0.016489 0.015589 0.014694 0.013813 0.012957 0.012137 0.011359 0.010631 0.009960 0.009352 0.008811 0.008341 0.007945 0.007626 0.007385 0.007224 0.007143 
0.012428 0.012523 0.012712 0.012991 0.013356 0.013802 0.014322 0.014907 0.015547 0.016232 0.016951 0.017690 0.018437 0.019178 0.019898 0.020583 0.021219 0.021792 0.022288 0.022696 0.023003 0.023201 0.023284 0.023247 0.023091 0.022817 0.022430 0.021940 0.021355 0.020688 0.019948 0.019151 0.018307 0.017431 0.016535 0.015632 0.014732 0.013848 0.012988 0.012164 0.011383 0.010652 0.009979 0.009368 0.008825 0.008353 0.007956 0.007635 0.007393 0.007231 0.007150 
0.012400 0.012495 0.012683 0.012962 0.013328 0.013773 0.014292 0.014877 0.015516 0.016201 0.016919 0.017658 0.018404 0.019144 0.019863 0.020548 0.021184 0.021756 0.022252 0.022659 0.022966 0.023165 0.023247 0.023211 0.023054 0.022780 0.022395 0.021905 0.021321 0.020654 0.019915 0.019119 0.018276 0.017401 0.016506 0.015603 0.014705 0.013821 0.012963 0.012140 0.011359 0.010630 0.009957 0.009347 0.008805 0.008334 0.007937 0.007616 0.007375 0.007213 0.007132 
0.012323 0.012418 0.012605 0.012882 0.013245 0.013687 0.014203 0.014783 0.015418 0.016098 0.016811 0.017545 0.018286 0.019020 0.019734 0.020414 0.021045 0.021612 0.022104 0.022508 0.022812 0.023009 0.023091 0.023054 0.022899 0.022628 0.022245 0.021759 0.021180 0.020518 0.019785 0.018994 0.018158 0.017289 0.016400 0.015504 0.014611 0.013734 0.012881 0.012063 0.011288 0.010563 0.009895 0.009289 0.008750 0.008282 0.007888 0.007570 0.007330 0.007169 0.007088 
0.012198 0.012291 0.012476 0.012750 0.013108 0.013545 0.014054 0.014627 0.015254 0.015925 0.016629 0.017353 0.018084 0.018808 0.019512 0.020182 0.020804 0.021363 0.021847 0.022244 0.022543 0.022736 0.022817 0.022781 0.022628 0.022360 0.021984 0.021505 0.020934 0.020282 0.019559 0.018779 0.017954 0.017096 0.016219 0.015334 0.014452 0.013585 0.012743 0.011935 0.011170 0.010453 0.009793 0.009195 0.008662 0.008199 0.007810 0.007495 0.007258 0.007099 0.007020 
0.012026 0.012117 0.012299 0.012567 0.012919 0.013348 0.013848 0.014410 0.015025 0.015684 0.016374 0.017084 0.017801 0.018511 0.019201 0.019856 0.020465 0.021012 0.021485 0.021873 0.022165 0.022353 0.022430 0.022395 0.022245 0.021984 0.021615 0.021147 0.020588 0.019949 0.019241 0.018476 0.017667 0.016826 0.015964 0.015096 0.014230 0.013379 0.012552 0.011758 0.011005 0.010301 0.009653 0.009064 0.008541 0.008086 0.007703 0.007394 0.007161 0.007004 0.006926 
0.011809 0.011898 0.012075 0.012338 0.012681 0.013099 0.013587 0.014136 0.014736 0.015378 0.016051 0.016743 0.017441 0.018133 0.018805 0.019443 0.020034 0.020565 0.021025 0.021401 0.021683 0.021865 0.021940 0.021905 0.021759 0.021505 0.021147 0.020692 0.020148 0.019526 0.018836 0.018091 0.017302 0.016482 0.015641 0.014793 0.013948 0.013117 0.012309 0.011533 0.010798 0.010110 0.009475 0.008900 0.008388 0.007944 0.007569 0.007267 0.007039 0.006886 0.006809 
0.011551 0.011637 0.011809 0.012063 0.012396 0.012803 0.013276 0.013808 0.014390 0.015013 0.015665 0.016335 0.017012 0.017681 0.018331 0.018948 0.019519 0.020032 0.020475 0.020837 0.021109 0.021284 0.021356 0.021321 0.021180 0.020934 0.020588 0.020148 0.019622 0.019020 0.018353 0.017631 0.016866 0.016070 0.015255 0.014432 0.013611 0.012804 0.012018 0.011265 0.010550 0.009881 0.009264 0.008705 0.008207 0.007774 0.007410 0.007116 0.006894 0.006745 0.006671 
0.011254 0.011338 0.011504 0.011749 0.012070 0.012462 0.012918 0.013432 0.013993 0.014593 0.015222 0.015868 0.016519 0.017163 0.017788 0.018381 0.018929 0.019422 0.019846 0.020193 0.020453 0.020620 0.020688 0.020654 0.020518 0.020282 0.019949 0.019526 0.019020 0.018441 0.017798 0.017103 0.016366 0.015598 0.014811 0.014017 0.013224 0.012444 0.011685 0.010956 0.010265 0.009618 0.009022 0.008481 0.007999 0.007580 0.007227 0.006943 0.006728 0.006584 0.006512 
0.010924 0.011004 0.011164 0.011399 0.011707 0.012083 0.012521 0.013013 0.013551 0.014127 0.014729 0.015348 0.015971 0.016587 0.017185 0.017751 0.018275 0.018745 0.019149 0.019479 0.019727 0.019885 0.019949 0.019916 0.019785 0.019559 0.019241 0.018836 0.018353 0.017798 0.017183 0.016516 0.015810 0.015073 0.014318 0.013555 0.012794 0.012044 0.011314 0.010613 0.009949 0.009326 0.008752 0.008231 0.007767 0.007364 0.007025 0.006751 0.006544 0.006405 0.006336 
0.010566 0.010642 0.010794 0.011019 0.011313 0.011671 0.012089 0.012558 0.013072 0.013620 0.014194 0.014783 0.015377 0.015963 0.016531 0.017070 0.017567 0.018012 0.018396 0.018708 0.018942 0.019091 0.019151 0.019119 0.018994 0.018779 0.018476 0.018091 0.017631 0.017103 0.016516 0.015881 0.015207 0.014504 0.013783 0.013054 0.012326 0.011609 0.010911 0.010241 0.009605 0.009009 0.008459 0.007960 0.007516 0.007130 0.006804 0.006541 0.006343 0.006210 0.006144 
0.010184 0.010256 0.010400 0.010614 0.010893 0.011233 0.011629 0.012074 0.012561 0.013081 0.013625 0.014183 0.014745 0.015300 0.015838 0.016347 0.016816 0.017237 0.017598 0.017892 0.018112 0.018252 0.018308 0.018276 0.018158 0.017954 0.017667 0.017302 0.016866 0.016366 0.015810 0.015207 0.014567 0.013899 0.013214 0.012521 0.011829 0.011147 0.010483 0.009844 0.009238 0.008671 0.008147 0.007671 0.007248 0.006880 0.006569 0.006319 0.006129 0.006003 0.005939 
0.009784 0.009852 0.009988 0.010190 0.010453 0.010774 0.011148 0.011568 0.012027 0.012518 0.013031 0.013557 0.014086 0.014609 0.015115 0.015593 0.016034 0.016429 0.016768 0.017044 0.017250 0.017380 0.017432 0.017401 0.017289 0.017096 0.016826 0.016482 0.016070 0.015598 0.015073 0.014504 0.013899 0.013269 0.012621 0.011965 0.011310 0.010664 0.010035 0.009430 0.008855 0.008317 0.007820 0.007369 0.006967 0.006618 0.006323 0.006085 0.005905 0.005785 0.005725 
0.009371 0.009435 0.009563 0.009752 0.010000 0.010301 0.010652 0.011047 0.011478 0.011938 0.012419 0.012913 0.013409 0.013899 0.014372 0.014820 0.015233 0.015602 0.015919 0.016176 0.016368 0.016489 0.016536 0.016506 0.016400 0.016219 0.015965 0.015641 0.015255 0.014812 0.014318 0.013783 0.013214 0.012621 0.012011 0.011393 0.010776 0.010167 0.009574 0.009003 0.008461 0.007953 0.007484 0.007057 0.006678 0.006347 0.006069 0.005844 0.005674 0.005560 0.005503 
