0.000000 0.000000 0.000000 0.000000 0.000000 0.000000 0.000000 0.000000 0.000000 0.000000 0.000000 0.000000 0.000000 0.000000 0.000000 0.000000 0.000000 0.000000 0.000000 0.000000 0.000000 0.000000 0.000000 0.000000 0.000000 0.000000 0.000000 0.000000 0.000000 0.000000 0.000000 0.000000 0.000000 0.000000 0.000000 0.000000 0.000000 0.000000 0.000000 0.000000 0.000000 0.000000 0.000000 0.000000 0.000000 0.000000 0.000000 0.000000 0.000000 0.000000 0.000000 
0.000000 0.000000 0.000000 0.000000 0.000000 0.000000 0.000000 0.000000 0.000000 0.000000 0.000000 0.000000 0.000000 0.000000 0.000000 0.000000 0.000000 0.000000 0.000000 0.000000 0.000000 0.000000 0.000000 0.000000 0.000000 0.000000 0.000000 0.000000 0.000000 0.000000 0.000000 0.000000 0.000000 0.000000 0.000000 0.000000 0.000000 0.000000 0.000000 0.000000 0.000000 0.000000 0.000000 0.000000 0.000000 0.000000 0.000000 0.000000 0.000000 0.000000 0.000000 
0.000000 0.000000 0.000000 0.000000 0.000000 0.000000 0.000000 0.000000 0.000000 0.000000 0.000000 0.000000 0.000000 0.000000 0.000000 0.000000 0.000000 0.000000 0.000000 0.000000 0.000000 0.000000 0.000000 0.000000 0.000000 0.000000 0.000000 0.000000 0.000000 0.000000 0.000000 0.000000 0.000000 0.000000 0.000000 0.000000 0.000000 0.000000 0.000000 0.000000 0.000000 0.000000 0.000000 0.000000 0.000000 0.000000 0.000000 0.000000 0.000000 0.000000 0.000000 
0.000000 0.000000 0.000000 0.000000 0.000000 0.000000 0.000000 0.000000 0.000000 0.000000 0.000000 0.000000 0.000000 0.000000 0.000000 0.000000 0.000000 0.000000 0.000000 0.000000 0.000000 0.000000 0.000000 0.000000 0.000000 0.000000 0.000000 0.000000 0.000000 0.000000 0.000000 0.000000 0.000000 0.000000 0.000000 0.000000 0.000000 0.000000 0.000000 0.000000 0.000000 0.000000 0.000000 0.000000 0.000000 0.000000 0.000000 0.000000 0.000000 0.000000 0.000000 
0.000000 0.000000 0.000000 0.000000 0.000000 0.000000 0.000000 0.000000 0.000000 0.000000 0.000000 0.000000 0.000000 0.000000 0.000000 0.000000 0.000000 0.000000 0.000000 0.000000 0.000000 0.000000 0.000000 0.000000 0.000000 0.000000 0.000000 0.000000 0.000000 0.000000 0.000000 0.000000 0.000000 0.000000 0.000000 0.000000 0.000000 0.000000 0.000000 0.000000 0.000000 0.000000 0.000000 0.000000 0.000000 0.000000 0.000000 0.000000 0.000000 0.000000 0.000000 
0.000000 0.000000 0.000000 0.000000 0.000000 0.000000 0.000000 0.000000 0.000000 0.000000 0.000000 0.000000 0.000000 0.000000 0.000000 0.000000 0.000000 0.000000 0.000000 0.000000 0.000000 0.000000 0.000000 0.000000 0.000000 0.000000 0.000000 0.000000 0.000000 0.000000 0.000000 0.000000 0.000000 0.000000 0.000000 0.000000 0.000000 0.000000 0.000000 0.000000 0.000000 0.000000 0.000000 0.000000 0.000000 0.000000 0.000000 0.000000 0.000000 0.000000 0.000000 
0.000000 0.000000 0.000000 0.000000 0.000000 0.000000 0.000000 0.000000 0.000000 0.000000 0.000000 0.000000 0.000000 0.000000 0.000000 0.000000 0.000000 0.000000 0.000000 0.000000 0.000000 0.000000 0.000000 0.000000 0.000000 0.000000 0.000000 0.000000 0.000000 0.000000 0.000000 0.000000 0.000000 0.000000 0.000000 0.000000 0.000000 0.000000 0.000000 0.000000 0.000000 0.000000 0.000000 0.000000 0.000000 0.000000 0.000000 0.000000 0.000000 0.000000 0.000000 
0.000000 0.000000 0.000000 0.000000 0.000000 0.000000 0.000000 0.000000 0.000000 0.000000 0.000000 0.000000 0.000000 0.000000 0.000000 0.000000 0.000000 0.000000 0.000000 0.000000 0.000000 0.000000 0.000000 0.000000 0.000000 0.000000 0.000000 0.000000 0.000000 0.000000 0.000000 0.000000 0.000000 0.000000 0.000000 0.000000 0.000000 0.000000 0.000000 0.000000 0.000000 0.000000 0.000000 0.000000 0.000000 0.000000 0.000000 0.000000 0.000000 0.000000 0.000000 
0.000000 0.000000 0.000000 0.000000 0.000000 0.000000 0.000000 0.000000 0.000000 0.000000 0.000000 0.000000 0.000000 0.000000 0.000000 0.000000 0.000000 0.000000 0.000000 0.000000 0.000000 0.000000 0.000000 0.000000 0.000000 0.000000 0.000000 0.000000 0.000000 0.000000 0.000000 0.000000 0.000000 0.000000 0.000000 0.000000 0.000000 0.000000 0.000000 0.000000 0.000000 0.000000 0.000000 0.000000 0.000000 0.000000 0.000000 0.000000 0.000000 0.000000 0.000000 
0.000000 0.000000 0.000000 0.000000 0.000000 0.000000 0.000000 0.000000 0.000000 0.000000 0.000000 0.000000 0.000000 0.000000 0.000000 0.000000 0.000000 0.000000 0.000000 0.000000 0.000000 0.000000 0.000000 0.000000 0.000000 0.000000 0.000000 0.000000 0.000000 0.000000 0.000000 0.000000 0.000000 0.000000 0.000000 0.000000 0.000000 0.000000 0.000000 0.000000 0.000000 0.000000 0.000000 0.000000 0.000000 0.000000 0.000000 0.000000 0.000000 0.000000 0.000000 
0.000000 0.000000 0.000000 0.000000 0.000000 0.000000 0.000000 0.000000 0.000000 0.000000 0.000000 0.000000 0.000000 0.000000 0.000000 0.000000 0.000000 0.000000 0.000000 0.000000 0.000000 0.000000 0.000000 0.000000 0.000000 0.000000 0.000000 0.000000 0.000000 0.000000 0.000000 0.000000 0.000000 0.000000 0.000000 0.000000 0.000000 0.000000 0.000000 0.000000 0.000000 0.000000 0.000000 0.000000 0.000000 0.000000 0.000000 0.000000 0.000000 0.000000 0.000000 
0.000000 0.000000 0.000000 0.000000 0.000000 0.000000 0.000000 0.000000 0.000000 0.000000 0.000000 0.000000 0.000000 0.000000 0.000000 0.000000 0.000000 0.000000 0.000000 0.000000 0.000000 0.000000 0.000000 0.000000 0.000000 0.000000 0.000000 0.000000 0.000000 0.000000 0.000000 0.000000 0.000000 0.000000 0.000000 0.000000 0.000000 0.000000 0.000000 0.000000 0.000000 0.000000 0.000000 0.000000 0.000000 0.000000 0.000000 0.000000 0.000000 0.000000 0.000000 
0.000000 0.000000 0.000000 0.000000 0.000000 0.000000 0.000000 0.000000 0.000000 0.000000 0.000000 0.000000 0.000000 0.000000 0.000000 0.000000 0.000000 0.000000 0.000000 0.000000 0.000000 0.000000 0.000000 0.000000 0.000000 0.000000 0.000000 0.000000 0.000000 0.000000 0.000000 0.000000 0.000000 0.000000 0.000000 0.000000 0.000000 0.000000 0.000000 0.000000 0.000000 0.000000 0.000000 0.000000 0.000000 0.000000 0.000000 0.000000 0.000000 0.000000 0.000000 
0.000000 0.000000 0.000000 0.000000 0.000000 0.000000 0.000000 0.000000 0.000000 0.000000 0.000000 0.000000 0.000000 0.000000 0.000000 0.000000 0.000000 0.000000 0.000000 0.000000 0.000000 0.000000 0.000000 0.000000 0.000000 0.000000 0.000000 0.000000 0.000000 0.000000 0.000000 0.000000 0.000000 0.000000 0.000000 0.000000 0.000000 0.000000 0.000000 0.000000 0.000000 0.000000 0.000000 0.000000 0.000000 0.000000 0.000000 0.000000 0.000000 0.000000 0.000000 
0.000000 0.000000 0.000000 0.000000 0.000000 0.000000 0.000000 0.000000 0.000000 0.000000 0.000000 0.000000 0.000000 0.000000 0.000000 0.000000 0.000000 0.000000 0.000000 0.000000 0.000000 0.000000 0.000000 0.000000 0.000000 0.000000 0.000000 0.000000 0.000000 0.000000 0.000000 0.000000 0.000000 0.000000 0.000000 0.000000 0.000000 0.000000 0.000000 0.000000 0.000000 0.000000 0.000000 0.000000 0.000000 0.000000 0.000000 0.000000 0.000000 0.000000 0.000000 
0.000000 0.000000 0.000000 0.000000 0.000000 0.000000 0.000000 0.000000 0.000000 0.000000 0.000000 0.000000 0.000000 0.000000 0.000000 0.000000 0.000000 0.000000 0.000000 0.000000 0.000000 0.000000 0.000000 0.000000 0.000000 0.000000 0.000000 0.000000 0.000000 0.000000 0.000000 0.000000 0.000000 0.000000 0.000000 0.000000 0.000000 0.000000 0.000000 0.000000 0.000000 0.000000 0.000000 0.000000 0.000000 0.000000 0.000000 0.000000 0.000000 0.000000 0.000000 
0.000000 0.000000 0.000000 0.000000 0.000000 0.000000 0.000000 0.000000 0.000000 0.000000 0.000000 0.000000 0.000000 0.000000 0.000000 0.000000 0.000000 0.000000 0.000000 0.000000 0.000000 0.000000 0.000000 0.000000 0.000000 0.000000 0.000000 0.000000 0.000000 0.000000 0.000000 0.000000 0.000000 0.000000 0.000000 0.000000 0.000000 0.000000 0.000000 0.000000 0.000000 0.000000 0.000000 0.000000 0.000000 0.000000 0.000000 0.000000 0.000000 0.000000 0.000000 
0.000000 0.000000 0.000000 0.000000 0.000000 0.000000 0.000000 0.000000 0.000000 0.000000 0.000000 0.000000 0.000000 0.000000 0.000000 0.000000 0.000000 0.000000 0.000000 0.000000 0.000000 0.000000 0.000000 0.000000 0.000000 0.000000 0.000000 0.000000 0.000000 0.000000 0.000000 0.000000 0.000000 0.000000 0.000000 0.000000 0.000000 0.000000 0.000000 0.000000 0.000000 0.000000 0.000000 0.000000 0.000000 0.000000 0.000000 0.000000 0.000000 0.000000 0.000000 
0.000000 0.000000 0.000000 0.000000 0.000000 0.000000 0.000000 0.000000 0.000000 0.000000 0.000000 0.000000 0.000000 0.000000 0.000000 0.000000 0.000000 0.000000 0.000000 0.000000 0.000000 0.000000 0.000000 0.000000 0.000000 0.000000 0.000000 0.000000 0.000000 0.000000 0.000000 0.000000 0.000000 0.000000 0.000000 0.000000 0.000000 0.000000 0.000000 0.000000 0.000000 0.000000 0.000000 0.000000 0.000000 0.000000 0.000000 0.000000 0.000000 0.000000 0.000000 
0.000000 0.000000 0.000000 0.000000 0.000000 0.000000 0.000000 0.000000 0.000000 0.000000 0.000000 0.000000 0.000000 0.000000 0.000000 0.000000 0.000000 0.000000 0.000000 0.000000 0.000000 0.000000 0.000000 0.000000 0.000000 0.000000 0.000000 0.000000 0.000000 0.000000 0.000000 0.000000 0.000000 0.000000 0.000000 0.000000 0.000000 0.000000 0.000000 0.000000 0.000000 0.000000 0.000000 0.000000 0.000000 0.000000 0.000000 0.000000 0.000000 0.000000 0.000000 
0.000000 0.000000 0.000000 0.000000 0.000000 0.000000 0.000000 0.000000 0.000000 0.000000 0.000000 0.000000 0.000000 0.000000 0.000000 0.000000 0.000000 0.000000 0.000000 0.000000 0.500000 0.500000 0.500000 0.500000 0.500000 0.500000 0.000000 0.000000 0.000000 0.000000 0.000000 0.000000 0.000000 0.000000 0.000000 0.000000 0.000000 0.000000 0.000000 0.000000 0.000000 0.000000 0.000000 0.000000 0.000000 0.000000 0.000000 0.000000 0.000000 0.000000 0.000000 
0.000000 0.000000 0.000000 0.000000 0.000000 0.000000 0.000000 0.000000 0.000000 0.000000 0.000000 0.000000 0.000000 0.000000 0.000000 0.000000 0.000000 0.000000 0.000000 0.000000 0.500000 0.500000 0.500000 0.500000 0.500000 0.500000 0.000000 0.000000 0.000000 0.000000 0.000000 0.000000 0.000000 0.000000 0.000000 0.000000 0.000000 0.000000 0.000000 0.000000 0.000000 0.000000 0.000000 0.000000 0.000000 0.000000 0.000000 0.000000 0.000000 0.000000 0.000000 
0.000000 0.000000 0.000000 0.000000 0.000000 0.000000 0.000000 0.000000 0.000000 0.000000 0.000000 0.000000 0.000000 0.000000 0.000000 0.000000 0.000000 0.000000 0.000000 0.000000 0.500000 0.500000 0.500000 0.500000 0.500000 0.500000 0.000000 0.000000 0.000000 0.000000 0.000000 0.000000 0.000000 0.000000 0.000000 0.000000 0.000000 0.000000 0.000000 0.000000 0.000000 0.000000 0.000000 0.000000 0.000000 0.000000 0.000000 0.000000 0.000000 0.000000 0.000000 
0.000000 0.000000 0.000000 0.000000 0.000000 0.000000 0.000000 0.000000 0.000000 0.000000 0.000000 0.000000 0.000000 0.000000 0.000000 0.000000 0.000000 0.000000 0.000000 0.000000 0.500000 0.500000 0.500000 0.500000 0.500000 0.500000 0.000000 0.000000 0.000000 0.000000 0.000000 0.000000 0.000000 0.000000 0.000000 0.000000 0.000000 0.000000 0.000000 0.000000 0.000000 0.000000 0.000000 0.000000 0.000000 0.000000 0.000000 0.000000 0.000000 0.000000 0.000000 
0.000000 0.000000 0.000000 0.000000 0.000000 0.000000 0.000000 0.000000 0.000000 0.000000 0.000000 0.000000 0.000000 0.000000 0.000000 0.000000 0.000000 0.000000 0.000000 0.000000 0.500000 0.500000 0.500000 0.500000 0.500000 0.500000 0.000000 0.000000 0.000000 0.000000 0.000000 0.000000 0.000000 0.000000 0.000000 0.000000 0.000000 0.000000 0.000000 0.000000 0.000000 0.000000 0.000000 0.000000 0.000000 0.000000 0.000000 0.000000 0.000000 0.000000 0.000000 
0.000000 0.000000 0.000000 0.000000 0.000000 0.000000 0.000000 0.000000 0.000000 0.000000 0.000000 0.000000 0.000000 0.000000 0.000000 0.000000 0.000000 0.000000 0.000000 0.000000 0.500000 0.500000 0.500000 0.500000 0.500000 0.500000 0.000000 0.000000 0.000000 0.000000 0.000000 0.000000 0.000000 0.000000 0.000000 0.000000 0.000000 0.000000 0.000000 0.000000 0.000000 0.000000 0.000000 0.000000 0.000000 0.000000 0.000000 0.000000 0.000000 0.000000 0.000000 
0.000000 0.000000 0.000000 0.000000 0.000000 0.000000 0.000000 0.000000 0.000000 0.000000 0.000000 0.000000 0.000000 0.000000 0.000000 0.000000 0.000000 0.000000 0.000000 0.000000 0.000000 0.000000 0.000000 0.000000 0.000000 0.000000 0.000000 0.000000 0.000000 0.000000 0.000000 0.000000 0.000000 0.000000 0.000000 0.000000 0.000000 0.000000 0.000000 0.000000 0.000000 0.000000 0.000000 0.000000 0.000000 0.000000 0.000000 0.000000 0.000000 0.000000 0.000000 
0.000000 0.000000 0.000000 0.000000 0.000000 0.000000 0.000000 0.000000 0.000000 0.000000 0.000000 0.000000 0.000000 0.000000 0.000000 0.000000 0.000000 0.000000 0.000000 0.000000 0.000000 0.000000 0.000000 0.000000 0.000000 0.000000 0.000000 0.000000 0.000000 0.000000 0.000000 0.000000 0.000000 0.000000 0.000000 0.000000 0.000000 0.000000 0.000000 0.000000 0.000000 0.000000 0.000000 0.000000 0.000000 0.000000 0.000000 0.000000 0.000000 0.000000 0.000000 
0.000000 0.000000 0.000000 0.000000 0.000000 0.000000 0.000000 0.000000 0.000000 0.000000 0.000000 0.000000 0.000000 0.000000 0.000000 0.000000 0.000000 0.000000 0.000000 0.000000 0.000000 0.000000 0.000000 0.000000 0.000000 0.000000 0.000000 0.000000 0.000000 0.000000 0.000000 0.000000 0.000000 0.000000 0.000000 0.000000 0.000000 0.000000 0.000000 0.000000 0.000000 0.000000 0.000000 0.000000 0.000000 0.000000 0.000000 0.000000 0.000000 0.000000 0.000000 
0.000000 0.000000 0.000000 0.000000 0.000000 0.000000 0.000000 0.000000 0.000000 0.000000 0.000000 0.000000 0.000000 0.000000 0.000000 0.000000 0.000000 0.000000 0.000000 0.000000 0.000000 0.000000 0.000000 0.000000 0.000000 0.000000 0.000000 0.000000 0.000000 0.000000 0.000000 0.000000 0.000000 0.000000 0.000000 0.000000 0.000000 0.000000 0.000000 0.000000 0.000000 0.000000 0.000000 0.000000 0.000000 0.000000 0.000000 0.000000 0.000000 0.000000 0.000000 
0.000000 0.000000 0.000000 0.000000 0.000000 0.000000 0.000000 0.000000 0.000000 0.000000 0.000000 0.000000 0.000000 0.000000 0.000000 0.000000 0.000000 0.000000 0.000000 0.000000 0.000000 0.000000 0.000000 0.000000 0.000000 0.000000 0.000000 0.000000 0.000000 0.000000 0.000000 0.000000 0.000000 0.000000 0.000000 0.000000 0.000000 0.000000 0.000000 0.000000 0.000000 0.000000 0.000000 0.000000 0.000000 0.000000 0.000000 0.000000 0.000000 0.000000 0.000000 
0.000000 0.000000 0.000000 0.000000 0.000000 0.000000 0.000000 0.000000 0.000000 0.000000 0.000000 0.000000 0.000000 0.000000 0.000000 0.000000 0.000000 0.000000 0.000000 0.000000 0.000000 0.000000 0.000000 0.000000 0.000000 0.000000 0.000000 0.000000 0.000000 0.000000 0.000000 0.000000 0.000000 0.000000 0.000000 0.000000 0.000000 0.000000 0.000000 0.000000 0.000000 0.000000 0.000000 0.000000 0.000000 0.000000 0.000000 0.000000 0.000000 0.000000 0.000000 
0.000000 0.000000 0.000000 0.000000 0.000000 0.000000 0.000000 0.000000 0.000000 0.000000 0.000000 0.000000 0.000000 0.000000 0.000000 0.000000 0.000000 0.000000 0.000000 0.000000 0.000000 0.000000 0.000000 0.000000 0.000000 0.000000 0.000000 0.000000 0.000000 0.000000 0.000000 0.000000 0.000000 0.000000 0.000000 0.000000 0.000000 0.000000 0.000000 0.000000 0.000000 0.000000 0.000000 0.000000 0.000000 0.000000 0.000000 0.000000 0.000000 0.000000 0.000000 
0.000000 0.000000 0.000000 0.000000 0.000000 0.000000 0.000000 0.000000 0.000000 0.000000 0.000000 0.000000 0.000000 0.000000 0.000000 0.000000 0.000000 0.000000 0.000000 0.000000 0.000000 0.000000 0.000000 0.000000 0.000000 0.000000 0.000000 0.000000 0.000000 0.000000 0.000000 0.000000 0.000000 0.000000 0.000000 0.000000 0.000000 0.000000 0.000000 0.000000 0.000000 0.000000 0.000000 0.000000 0.000000 0.000000 0.000000 0.000000 0.000000 0.000000 0.000000 
0.000000 0.000000 0.000000 0.000000 0.000000 0.000000 0.000000 0.000000 0.000000 0.000000 0.000000 0.000000 0.000000 0.000000 0.000000 0.000000 0.000000 0.000000 0.000000 0.000000 0.000000 0.000000 0.000000 0.000000 0.000000 0.000000 0.000000 0.000000 0.000000 0.000000 0.000000 0.000000 0.000000 0.000000 0.000000 0.000000 0.000000 0.000000 0.000000 0.000000 0.000000 0.000000 0.000000 0.000000 0.000000 0.000000 0.000000 0.000000 0.000000 0.000000 0.000000 
0.000000 0.000000 0.000000 0.000000 0.000000 0.000000 0.000000 0.000000 0.000000 0.000000 0.000000 0.000000 0.000000 0.000000 0.000000 0.000000 0.000000 0.000000 0.000000 0.000000 0.000000 0.000000 0.000000 0.000000 0.000000 0.000000 0.000000 0.000000 0.000000 0.000000 0.000000 0.000000 0.000000 0.000000 0.000000 0.000000 0.000000 0.000000 0.000000 0.000000 0.000000 0.000000 0.000000 0.000000 0.000000 0.000000 0.000000 0.000000 0.000000 0.000000 0.000000 
0.000000 0.000000 0.000000 0.000000 0.000000 0.000000 0.000000 0.000000 0.000000 0.000000 0.000000 0.000000 0.000000 0.000000 0.000000 0.000000 0.000000 0.000000 0.000000 0.000000 0.000000 0.000000 0.000000 0.000000 0.000000 0.000000 0.000000 0.000000 0.000000 0.000000 0.000000 0.000000 0.000000 0.000000 0.000000 0.000000 0.000000 0.000000 0.000000 0.000000 0.000000 0.000000 0.000000 0.000000 0.000000 0.000000 0.000000 0.000000 0.000000 0.000000 0.000000 
0.000000 0.000000 0.000000 0.000000 0.000000 0.000000 0.000000 0.000000 0.000000 0.000000 0.000000 0.000000 0.000000 0.000000 0.000000 0.000000 0.000000 0.000000 0.000000 0.000000 0.000000 0.000000 0.000000 0.000000 0.000000 0.000000 0.000000 0.000000 0.000000 0.000000 0.000000 0.000000 0.000000 0.000000 0.000000 0.000000 0.000000 0.000000 0.000000 0.000000 0.000000 0.000000 0.000000 0.000000 0.000000 0.000000 0.000000 0.000000 0.000000 0.000000 0.000000 
0.000000 0.000000 0.000000 0.000000 0.000000 0.000000 0.000000 0.000000 0.000000 0.000000 0.000000 0.000000 0.000000 0.000000 0.000000 0.000000 0.000000 0.000000 0.000000 0.000000 0.000000 0.000000 0.000000 0.000000 0.000000 0.000000 0.000000 0.000000 0.000000 0.000000 0.000000 0.000000 0.000000 0.000000 0.000000 0.000000 0.000000 0.000000 0.000000 0.000000 0.000000 0.000000 0.000000 0.000000 0.000000 0.000000 0.000000 0.000000 0.000000 0.000000 0.000000 
0.000000 0.000000 0.000000 0.000000 0.000000 0.000000 0.000000 0.000000 0.000000 0.000000 0.000000 0.000000 0.000000 0.000000 0.000000 0.000000 0.000000 0.000000 0.000000 0.000000 0.000000 0.000000 0.000000 0.000000 0.000000 0.000000 0.000000 0.000000 0.000000 0.000000 0.000000 0.000000 0.000000 0.000000 0.000000 0.000000 0.000000 0.000000 0.000000 0.000000 0.000000 0.000000 0.000000 0.000000 0.000000 0.000000 0.000000 0.000000 0.000000 0.000000 0.000000 
0.000000 0.000000 0.000000 0.000000 0.000000 0.000000 0.000000 0.000000 0.000000 0.000000 0.000000 0.000000 0.000000 0.000000 0.000000 0.000000 0.000000 0.000000 0.000000 0.000000 0.000000 0.000000 0.000000 0.000000 0.000000 0.000000 0.000000 0.000000 0.000000 0.000000 0.000000 0.000000 0.000000 0.000000 0.000000 0.000000 0.000000 0.000000 0.000000 0.000000 0.000000 0.000000 0.000000 0.000000 0.000000 0.000000 0.000000 0.000000 0.000000 0.000000 0.000000 
0.000000 0.000000 0.000000 0.000000 0.000000 0.000000 0.000000 0.000000 0.000000 0.000000 0.000000 0.000000 0.000000 0.000000 0.000000 0.000000 0.000000 0.000000 0.000000 0.000000 0.000000 0.000000 0.000000 0.000000 0.000000 0.000000 0.000000 0.000000 0.000000 0.000000 0.000000 0.000000 0.000000 0.000000 0.000000 0.000000 0.000000 0.000000 0.000000 0.000000 0.000000 0.000000 0.000000 0.000000 0.000000 0.000000 0.000000 0.000000 0.000000 0.000000 0.000000 
0.000000 0.000000 0.000000 0.000000 0.000000 0.000000 0.000000 0.000000 0.000000 0.000000 0.000000 0.000000 0.000000 0.000000 0.000000 0.000000 0.000000 0.000000 0.000000 0.000000 0.000000 0.000000 0.000000 0.000000 0.000000 0.000000 0.000000 0.000000 0.000000 0.000000 0.000000 0.000000 0.000000 0.000000 0.000000 0.000000 0.000000 0.000000 0.000000 0.000000 0.000000 0.000000 0.000000 0.000000 0.000000 0.000000 0.000000 0.000000 0.000000 0.000000 0.000000 
0.000000 0.000000 0.000000 0.000000 0.000000 0.000000 0.000000 0.000000 0.000000 0.000000 0.000000 0.000000 0.000000 0.000000 0.000000 0.000000 0.000000 0.000000 0.000000 0.000000 0.000000 0.000000 0.000000 0.000000 0.000000 0.000000 0.000000 0.000000 0.000000 0.000000 0.000000 0.000000 0.000000 0.000000 0.000000 0.000000 0.000000 0.000000 0.000000 0.000000 0.000000 0.000000 0.000000 0.000000 0.000000 0.000000 0.000000 0.000000 0.000000 0.000000 0.000000 
0.000000 0.000000 0.000000 0.000000 0.000000 0.000000 0.000000 0.000000 0.000000 0.000000 0.000000 0.000000 0.000000 0.000000 0.000000 0.000000 0.000000 0.000000 0.000000 0.000000 0.000000 0.000000 0.000000 0.000000 0.000000 0.000000 0.000000 0.000000 0.000000 0.000000 0.000000 0.000000 0.000000 0.000000 0.000000 0.000000 0.000000 0.000000 0.000000 0.000000 0.000000 0.000000 0.000000 0.000000 0.000000 0.000000 0.000000 0.000000 0.000000 0.000000 0.000000 
0.000000 0.000000 0.000000 0.000000 0.000000 0.000000 0.000000 0.000000 0.000000 0.000000 0.000000 0.000000 0.000000 0.000000 0.000000 0.000000 0.000000 0.000000 0.000000 0.000000 0.000000 0.000000 0.000000 0.000000 0.000000 0.000000 0.000000 0.000000 0.000000 0.000000 0.000000 0.000000 0.000000 0.000000 0.000000 0.000000 0.000000 0.000000 0.000000 0.000000 0.000000 0.000000 0.000000 0.000000 0.000000 0.000000 0.000000 0.000000 0.000000 0.000000 0.000000 
0.000000 0.000000 0.000000 0.000000 0.000000 0.000000 0.000000 0.000000 0.000000 0.000000 0.000000 0.000000 0.000000 0.000000 0.000000 0.000000 0.000000 0.000000 0.000000 0.000000 0.000000 0.000000 0.000000 0.000000 0.000000 0.000000 0.000000 0.000000 0.000000 0.000000 0.000000 0.000000 0.000000 0.000000 0.000000 0.000000 0.000000 0.000000 0.000000 0.000000 0.000000 0.000000 0.000000 0.000000 0.000000 0.000000 0.000000 0.000000 0.000000 0.000000 0.000000 
0.000000 0.000000 0.000000 0.000000 0.000000 0.000000 0.000000 0.000000 0.000000 0.000000 0.000000 0.000000 0.000000 0.000000 0.000000 0.000000 0.000000 0.000000 0.000000 0.000000 0.000000 0.000000 0.000000 0.000000 0.000000 0.000000 0.000000 0.000000 0.000000 0.000000 0.000000 0.000000 0.000000 0.000000 0.000000 0.000000 0.000000 0.000000 0.000000 0.000000 0.000000 0.000000 0.000000 0.000000 0.000000 0.000000 0.000000 0.000000 0.000000 0.000000 0.000000 
0.000000 0.000000 0.000000 0.000000 0.000000 0.000000 0.000000 0.000000 0.000000 0.000000 0.000000 0.000000 0.000000 0.000000 0.000000 0.000000 0.000000 0.000000 0.000000 0.000000 0.000000 0.000000 0.000000 0.000000 0.000000 0.000000 0.000000 0.000000 0.000000 0.000000 0.000000 0.000000 0.000000 0.000000 0.000000 0.000000 0.000000 0.000000 0.000000 0.000000 0.000000 0.000000 0.000000 0.000000 0.000000 0.000000 0.000000 0.000000 0.000000 0.000000 0.000000 
0.000000 0.000000 0.000000 0.000000 0.000000 0.000000 0.000000 0.000000 0.000000 0.000000 0.000000 0.000000 0.000000 0.000000 0.000000 0.000000 0.000000 0.000000 0.000000 0.000000 0.000000 0.000000 0.000000 0.000000 0.000000 0.000000 0.000000 0.000000 0.000000 0.000000 0.000000 0.000000 0.000000 0.000000 0.000000 0.000000 0.000000 0.000000 0.000000 0.000000 0.000000 0.000000 0.000000 0.000000 0.000000 0.000000 0.000000 0.000000 0.000000 0.000000 0.000000 
0.000000 0.000000 0.000000 0.000000 0.000000 0.000000 0.000000 0.000000 0.000000 0.000000 0.000000 0.000000 0.000000 0.000000 0.000000 0.000000 0.000000 0.000000 0.000000 0.000000 0.000000 0.000000 0.000000 0.000000 0.000000 0.000000 0.000000 0.000000 0.000000 0.000000 0.000000 0.000000 0.000000 0.000000 0.000000 0.000000 0.000000 0.000000 0.000000 0.000000 0.000000 0.000000 0.000000 0.000000 0.000000 0.000000 0.000000 0.000000 0.000000 0.000000 0.000000 
--
0.000808 0.000836 0.000894 0.000980 0.001093 0.001231 0.001394 0.001579 0.001782 0.002002 0.002235 0.002475 0.002720 0.002964 0.003202 0.003429 0.003640 0.003831 0.003998 0.004136 0.004242 0.004314 0.004351 0.004351 0.004314 0.004241 0.004135 0.003996 0.003829 0.003637 0.003424 0.003195 0.002955 0.002708 0.002459 0.002212 0.001971 0.001740 0.001521 0.001318 0.001131 0.000963 0.000813 0.000681 0.000568 0.000474 0.000396 0.000335 0.000291 0.000261 0.000246 
0.000836 0.000866 0.000926 0.001014 0.001131 0.001273 0.001441 0.001631 0.001841 0.002068 0.002307 0.002554 0.002806 0.003056 0.003300 0.003533 0.003750 0.003946 0.004116 0.004258 0.004367 0.004441 0.004478 0.004478 0.004441 0.004366 0.004257 0.004115 0.003944 0.003747 0.003529 0.003294 0.003047 0.002793 0.002537 0.002283 0.002035 0.001797 0.001572 0.001363 0.001170 0.000996 0.000841 0.000705 0.000589 0.000491 0.000411 0.000348 0.000301 0.000271 0.000256 
0.000894 0.000926 0.000989 0.001083 0.001206 0.001358 0.001535 0.001736 0.001958 0.002197 0.002450 0.002710 0.002975 0.003238 0.003495 0.003740 0.003967 0.004173 0.004351 0.004500 0.004614 0.004691 0.004730 0.004730 0.004691 0.004613 0.004499 0.004350 0.004170 0.003964 0.003735 0.003488 0.003229 0.002962 0.002692 0.002424 0.002163 0.001911 0.001673 0.001451 0.001247 0.001062 0.000898 0.000753 0.000629 0.000525 0.000439 0.000372 0.000323 0.000290 0.000274 
0.000980 0.001014 0.001083 0.001184 0.001318 0.001482 0.001674 0.001892 0.002131 0.002389 0.002661 0.002941 0.003225 0.003508 0.003783 0.004044 0.004288 0.004507 0.004698 0.004856 0.004977 0.005060 0.005102 0.005101 0.005059 0.004976 0.004854 0.004696 0.004504 0.004284 0.004039 0.003775 0.003497 0.003211 0.002921 0.002633 0.002351 0.002080 0.001823 0.001582 0.001361 0.001161 0.000982 0.000825 0.000689 0.000575 0.000482 0.000409 0.000355 0.000319 0.000301 
0.001093 0.001131 0.001206 0.001318 0.001465 0.001646 0.001857 0.002096 0.002358 0.002640 0.002937 0.003242 0.003552 0.003859 0.004157 0.004441 0.004704 0.004941 0.005147 0.005318 0.005449 0.005538 0.005583 0.005583 0.005538 0.005448 0.005317 0.005145 0.004938 0.004700 0.004435 0.004149 0.003847 0.003536 0.003220 0.002906 0.002598 0.002301 0.002019 0.001755 0.001511 0.001290 0.001092 0.000918 0.000769 0.000642 0.000539 0.000457 0.000397 0.000357 0.000337 
0.001231 0.001273 0.001358 0.001482 0.001646 0.001846 0.002080 0.002344 0.002634 0.002945 0.003272 0.003608 0.003948 0.004284 0.004611 0.004921 0.005208 0.005467 0.005691 0.005877 0.006020 0.006116 0.006165 0.006165 0.006116 0.006019 0.005875 0.005689 0.005464 0.005204 0.004914 0.004602 0.004271 0.003930 0.003583 0.003238 0.002898 0.002570 0.002258 0.001965 0.001694 0.001448 0.001228 0.001034 0.000866 0.000724 0.000608 0.000517 0.000449 0.000404 0.000382 
0.001394 0.001441 0.001535 0.001674 0.001857 0.002080 0.002341 0.002634 0.002956 0.003300 0.003661 0.004033 0.004407 0.004776 0.005135 0.005475 0.005790 0.006073 0.006318 0.006521 0.006676 0.006782 0.006836 0.006835 0.006782 0.006675 0.006519 0.006315 0.006069 0.005785 0.005468 0.005125 0.004762 0.004386 0.004004 0.003623 0.003247 0.002883 0.002536 0.002210 0.001908 0.001633 0.001386 0.001169 0.000980 0.000821 0.000690 0.000587 0.000510 0.000460 0.000435 
0.001579 0.001631 0.001736 0.001892 0.002096 0.002344 0.002634 0.002960 0.003317 0.003699 0.004098 0.004507 0.004919 0.005326 0.005719 0.006092 0.006437 0.006747 0.007015 0.007237 0.007407 0.007522 0.007581 0.007580 0.007522 0.007406 0.007235 0.007012 0.006743 0.006431 0.006084 0.005708 0.005310 0.004896 0.004475 0.004054 0.003638 0.003235 0.002850 0.002487 0.002150 0.001843 0.001566 0.001322 0.001110 0.000931 0.000783 0.000667 0.000580 0.000523 0.000495 
0.001782 0.001841 0.001958 0.002131 0.002358 0.002634 0.002956 0.003317 0.003712 0.004133 0.004573 0.005023 0.005476 0.005922 0.006353 0.006761 0.007138 0.007476 0.007769 0.008011 0.008197 0.008323 0.008387 0.008386 0.008322 0.008196 0.008009 0.007766 0.007472 0.007131 0.006752 0.006340 0.005904 0.005450 0.004988 0.004523 0.004065 0.003620 0.003193 0.002790 0.002416 0.002073 0.001764 0.001491 0.001253 0.001052 0.000886 0.000755 0.000658 0.000594 0.000562 
0.002002 0.002068 0.002197 0.002389 0.002640 0.002945 0.003300 0.003699 0.004133 0.004595 0.005078 0.005571 0.006066 0.006553 0.007024 0.007469 0.007879 0.008248 0.008567 0.008831 0.009033 0.009171 0.009240 0.009240 0.009170 0.009032 0.008828 0.008564 0.008243 0.007872 0.007459 0.007010 0.006533 0.006038 0.005532 0.005023 0.004520 0.004030 0.003559 0.003114 0.002700 0.002320 0.001977 0.001673 0.001408 0.001183 0.000998 0.000851 0.000742 0.000670 0.000634 
0.002235 0.002307 0.002450 0.002661 0.002936 0.003272 0.003661 0.004098 0.004573 0.005078 0.005604 0.006141 0.006679 0.007209 0.007720 0.008203 0.008648 0.009049 0.009395 0.009682 0.009902 0.010051 0.010126 0.010126 0.010050 0.009900 0.009679 0.009391 0.009043 0.008641 0.008192 0.007704 0.007187 0.006648 0.006097 0.005543 0.004994 0.004458 0.003943 0.003454 0.002999 0.002580 0.002201 0.001865 0.001572 0.001322 0.001116 0.000953 0.000832 0.000751 0.000711 
0.002475 0.002554 0.002710 0.002941 0.003242 0.003608 0.004033 0.004507 0.005023 0.005571 0.006141 0.006722 0.007304 0.007876 0.008429 0.008950 0.009432 0.009865 0.010241 0.010551 0.010790 0.010952 0.011034 0.011034 0.010951 0.010788 0.010548 0.010236 0.009859 0.009424 0.008938 0.008411 0.007852 0.007270 0.006674 0.006074 0.005479 0.004897 0.004336 0.003804 0.003306 0.002848 0.002433 0.002063 0.001741 0.001466 0.001239 0.001059 0.000925 0.000836 0.000792 
0.002720 0.002805 0.002975 0.003225 0.003552 0.003948 0.004407 0.004919 0.005476 0.006066 0.006679 0.007304 0.007930 0.008545 0.009138 0.009699 0.010218 0.010685 0.011091 0.011426 0.011685 0.011862 0.011950 0.011950 0.011860 0.011683 0.011423 0.011086 0.010678 0.010209 0.009686 0.009119 0.008518 0.007893 0.007252 0.006606 0.005965 0.005337 0.004732 0.004156 0.003617 0.003119 0.002668 0.002265 0.001913 0.001613 0.001365 0.001167 0.001021 0.000923 0.000875 
0.002964 0.003056 0.003238 0.003508 0.003859 0.004284 0.004776 0.005326 0.005922 0.006553 0.007209 0.007876 0.008545 0.009202 0.009836 0.010437 0.010994 0.011496 0.011933 0.012296 0.012577 0.012768 0.012865 0.012865 0.012767 0.012575 0.012293 0.011928 0.011489 0.010984 0.010423 0.009816 0.009173 0.008504 0.007820 0.007130 0.006444 0.005772 0.005123 0.004504 0.003924 0.003388 0.002901 0.002466 0.002085 0.001760 0.001490 0.001276 0.001116 0.001010 0.000957 
0.003201 0.003300 0.003495 0.003783 0.004157 0.004611 0.005135 0.005719 0.006353 0.007024 0.007720 0.008429 0.009138 0.009836 0.010512 0.011153 0.011748 0.012287 0.012757 0.013150 0.013454 0.013662 0.013767 0.013766 0.013660 0.013451 0.013146 0.012752 0.012279 0.011737 0.011138 0.010490 0.009806 0.009095 0.008368 0.007635 0.006906 0.006192 0.005501 0.004842 0.004223 0.003650 0.003128 0.002662 0.002253 0.001903 0.001613 0.001382 0.001210 0.001096 0.001039 
0.003429 0.003533 0.003740 0.004044 0.004441 0.004921 0.005475 0.006092 0.006761 0.007469 0.008203 0.008950 0.009699 0.010437 0.011153 0.011834 0.012468 0.013044 0.013550 0.013974 0.014304 0.014530 0.014645 0.014645 0.014529 0.014302 0.013970 0.013545 0.013036 0.012457 0.011817 0.011130 0.010405 0.009654 0.008886 0.008113 0.007344 0.006589 0.005859 0.005162 0.004506 0.003899 0.003345 0.002849 0.002413 0.002041 0.001731 0.001484 0.001300 0.001178 0.001117 
0.003640 0.003750 0.003967 0.004288 0.004704 0.005208 0.005790 0.006437 0.007138 0.007879 0.008648 0.009432 0.010218 0.010994 0.011748 0.012468 0.013142 0.013757 0.014300 0.014758 0.015116 0.015362 0.015488 0.015487 0.015360 0.015113 0.014753 0.014294 0.013749 0.013130 0.012451 0.011724 0.010960 0.010170 0.009364 0.008553 0.007747 0.006956 0.006190 0.005458 0.004769 0.004129 0.003546 0.003022 0.002563 0.002169 0.001841 0.001580 0.001385 0.001255 0.001191 
0.003831 0.003946 0.004173 0.004507 0.004941 0.005467 0.006073 0.006747 0.007476 0.008248 0.009049 0.009865 0.010685 0.011496 0.012287 0.013044 0.013757 0.014412 0.014993 0.015486 0.015874 0.016142 0.016280 0.016279 0.016141 0.015871 0.015481 0.014987 0.014403 0.013745 0.013027 0.012262 0.011461 0.010635 0.009794 0.008949 0.008110 0.007286 0.006488 0.005725 0.005005 0.004337 0.003727 0.003179 0.002698 0.002285 0.001941 0.001666 0.001461 0.001325 0.001257 
0.003997 0.004116 0.004351 0.004698 0.005147 0.005691 0.006318 0.007015 0.007769 0.008567 0.009395 0.010241 0.011091 0.011933 0.012757 0.013551 0.014300 0.014993 0.015612 0.016141 0.016561 0.016853 0.017003 0.017003 0.016851 0.016558 0.016137 0.015606 0.014984 0.014287 0.013532 0.012731 0.011897 0.011039 0.010167 0.009292 0.008423 0.007571 0.006746 0.005956 0.005211 0.004518 0.003885 0.003316 0.002816 0.002386 0.002028 0.001742 0.001528 0.001386 0.001316 
0.004135 0.004258 0.004500 0.004856 0.005318 0.005877 0.006521 0.007237 0.008011 0.008831 0.009682 0.010551 0.011427 0.012297 0.013150 0.013974 0.014758 0.015486 0.016141 0.016705 0.017156 0.017473 0.017636 0.017635 0.017471 0.017153 0.016701 0.016135 0.015476 0.014744 0.013955 0.013123 0.012259 0.011373 0.010475 0.009575 0.008683 0.007807 0.006959 0.006147 0.005380 0.004668 0.004016 0.003429 0.002913 0.002470 0.002100 0.001805 0.001584 0.001437 0.001364 
0.004242 0.004367 0.004614 0.004977 0.005449 0.006020 0.006677 0.007407 0.008197 0.009033 0.009902 0.010790 0.011686 0.012577 0.013454 0.014304 0.015116 0.015874 0.016561 0.017156 0.017636 0.017975 0.018151 0.018151 0.017974 0.017633 0.017152 0.016554 0.015864 0.015102 0.014285 0.013427 0.012539 0.011631 0.010712 0.009793 0.008882 0.007988 0.007122 0.006293 0.005511 0.004783 0.004116 0.003517 0.002989 0.002534 0.002156 0.001854 0.001627 0.001477 0.001402 
0.004314 0.004441 0.004691 0.005060 0.005538 0.006116 0.006782 0.007522 0.008323 0.009171 0.010051 0.010952 0.011862 0.012768 0.013662 0.014530 0.015362 0.016142 0.016853 0.017473 0.017975 0.018333 0.018519 0.018518 0.018331 0.017972 0.017468 0.016846 0.016132 0.015348 0.014511 0.013634 0.012729 0.011806 0.010874 0.009941 0.009017 0.008111 0.007233 0.006393 0.005599 0.004861 0.004185 0.003576 0.003040 0.002579 0.002194 0.001887 0.001657 0.001504 0.001427 
0.004351 0.004478 0.004731 0.005102 0.005583 0.006165 0.006836 0.007581 0.008387 0.009240 0.010127 0.011034 0.011951 0.012865 0.013767 0.014645 0.015488 0.016280 0.017003 0.017636 0.018151 0.018519 0.018711 0.018710 0.018517 0.018148 0.017631 0.016996 0.016270 0.015474 0.014626 0.013739 0.012826 0.011895 0.010955 0.010015 0.009085 0.008173 0.007289 0.006443 0.005644 0.004900 0.004219 0.003606 0.003066 0.002601 0.002213 0.001903 0.001672 0.001517 0.001440 
0.004351 0.004478 0.004730 0.005101 0.005583 0.006165 0.006835 0.007581 0.008387 0.009240 0.010126 0.011034 0.011950 0.012865 0.013767 0.014645 0.015487 0.016279 0.017003 0.017635 0.018151 0.018518 0.018710 0.018709 0.018516 0.018147 0.017630 0.016996 0.016269 0.015473 0.014625 0.013739 0.012825 0.011894 0.010955 0.010015 0.009085 0.008173 0.007289 0.006443 0.005644 0.004900 0.004219 0.003606 0.003066 0.002601 0.002213 0.001903 0.001672 0.001517 0.001440 
0.004314 0.004441 0.004691 0.005060 0.005538 0.006116 0.006782 0.007522 0.008322 0.009170 0.010050 0.010951 0.011861 0.012767 0.013660 0.014529 0.015361 0.016141 0.016852 0.017471 0.017974 0.018331 0.018517 0.018516 0.018329 0.017970 0.017466 0.016844 0.016131 0.015347 0.014510 0.013633 0.012728 0.011805 0.010873 0.009940 0.009016 0.008110 0.007232 0.006392 0.005599 0.004861 0.004184 0.003576 0.003040 0.002578 0.002194 0.001886 0.001657 0.001504 0.001427 
0.004241 0.004366 0.004613 0.004977 0.005448 0.006019 0.006676 0.007406 0.008196 0.009032 0.009900 0.010788 0.011684 0.012575 0.013452 0.014302 0.015113 0.015871 0.016558 0.017153 0.017633 0.017972 0.018148 0.018147 0.017970 0.017630 0.017149 0.016551 0.015861 0.015099 0.014283 0.013424 0.012536 0.011629 0.010711 0.009791 0.008880 0.007987 0.007121 0.006292 0.005510 0.004782 0.004116 0.003516 0.002988 0.002534 0.002156 0.001853 0.001627 0.001477 0.001402 
0.004135 0.004257 0.004499 0.004855 0.005317 0.005875 0.006519 0.007235 0.008009 0.008828 0.009679 0.010548 0.011423 0.012293 0.013146 0.013970 0.014754 0.015481 0.016137 0.016701 0.017152 0.017468 0.017631 0.017630 0.017466 0.017149 0.016696 0.016130 0.015472 0.014740 0.013952 0.013120 0.012255 0.011370 0.010472 0.009573 0.008680 0.007805 0.006957 0.006145 0.005379 0.004667 0.004015 0.003429 0.002913 0.002469 0.002100 0.001804 0.001584 0.001437 0.001364 
0.003996 0.004115 0.004350 0.004696 0.005146 0.005689 0.006316 0.007012 0.007766 0.008564 0.009392 0.010236 0.011086 0.011929 0.012752 0.013545 0.014295 0.014987 0.015606 0.016135 0.016554 0.016846 0.016996 0.016996 0.016845 0.016551 0.016130 0.015600 0.014978 0.014282 0.013527 0.012726 0.011892 0.011034 0.010163 0.009288 0.008420 0.007568 0.006743 0.005953 0.005209 0.004516 0.003883 0.003315 0.002815 0.002385 0.002027 0.001741 0.001528 0.001386 0.001315 
0.003829 0.003944 0.004171 0.004505 0.004939 0.005464 0.006069 0.006743 0.007472 0.008243 0.009043 0.009859 0.010679 0.011489 0.012279 0.013037 0.013749 0.014403 0.014984 0.015476 0.015864 0.016133 0.016270 0.016269 0.016131 0.015861 0.015472 0.014978 0.014394 0.013736 0.013019 0.012254 0.011454 0.010628 0.009788 0.008944 0.008105 0.007282 0.006484 0.005721 0.005003 0.004335 0.003725 0.003178 0.002696 0.002283 0.001940 0.001665 0.001461 0.001324 0.001257 
0.003637 0.003747 0.003964 0.004284 0.004700 0.005204 0.005785 0.006431 0.007132 0.007872 0.008641 0.009424 0.010209 0.010984 0.011738 0.012457 0.013130 0.013745 0.014288 0.014745 0.015102 0.015348 0.015474 0.015473 0.015347 0.015100 0.014740 0.014282 0.013736 0.013118 0.012440 0.011714 0.010950 0.010161 0.009356 0.008546 0.007740 0.006950 0.006185 0.005454 0.004765 0.004126 0.003543 0.003020 0.002561 0.002167 0.001839 0.001578 0.001384 0.001254 0.001190 
0.003425 0.003529 0.003735 0.004039 0.004435 0.004915 0.005468 0.006084 0.006752 0.007459 0.008192 0.008938 0.009686 0.010423 0.011138 0.011818 0.012451 0.013027 0.013532 0.013956 0.014285 0.014511 0.014626 0.014625 0.014510 0.014283 0.013952 0.013527 0.013019 0.012440 0.011802 0.011115 0.010391 0.009641 0.008874 0.008102 0.007334 0.006581 0.005851 0.005155 0.004500 0.003894 0.003340 0.002845 0.002410 0.002038 0.001729 0.001483 0.001299 0.001177 0.001116 
0.003196 0.003294 0.003489 0.003775 0.004149 0.004602 0.005125 0.005708 0.006340 0.007010 0.007704 0.008412 0.009120 0.009816 0.010490 0.011130 0.011724 0.012262 0.012732 0.013123 0.013427 0.013634 0.013739 0.013739 0.013633 0.013424 0.013120 0.012726 0.012254 0.011714 0.011115 0.010469 0.009786 0.009077 0.008351 0.007620 0.006893 0.006180 0.005490 0.004832 0.004214 0.003643 0.003122 0.002657 0.002249 0.001900 0.001610 0.001380 0.001208 0.001094 0.001037 
0.002955 0.003047 0.003229 0.003498 0.003847 0.004272 0.004762 0.005310 0.005904 0.006533 0.007187 0.007852 0.008518 0.009173 0.009806 0.010405 0.010960 0.011461 0.011897 0.012259 0.012539 0.012729 0.012826 0.012825 0.012728 0.012537 0.012256 0.011892 0.011454 0.010950 0.010391 0.009786 0.009145 0.008478 0.007796 0.007108 0.006424 0.005754 0.005107 0.004491 0.003913 0.003378 0.002892 0.002459 0.002079 0.001755 0.001486 0.001272 0.001113 0.001007 0.000955 
0.002708 0.002793 0.002962 0.003211 0.003536 0.003930 0.004387 0.004896 0.005450 0.006038 0.006648 0.007270 0.007893 0.008505 0.009095 0.009654 0.010170 0.010635 0.011039 0.011373 0.011631 0.011806 0.011895 0.011894 0.011805 0.011629 0.011370 0.011034 0.010628 0.010161 0.009641 0.009077 0.008478 0.007856 0.007218 0.006575 0.005937 0.005313 0.004710 0.004137 0.003600 0.003105 0.002656 0.002255 0.001905 0.001606 0.001359 0.001162 0.001016 0.000919 0.000871 
0.002459 0.002537 0.002692 0.002921 0.003220 0.003583 0.004005 0.004476 0.004988 0.005532 0.006097 0.006674 0.007252 0.007820 0.008368 0.008886 0.009365 0.009794 0.010167 0.010475 0.010713 0.010874 0.010955 0.010955 0.010873 0.010711 0.010473 0.010163 0.009788 0.009356 0.008874 0.008351 0.007796 0.007218 0.006627 0.006031 0.005440 0.004862 0.004306 0.003777 0.003283 0.002828 0.002416 0.002049 0.001729 0.001457 0.001231 0.001052 0.000919 0.000831 0.000787 
