0.000000 0.000000 0.000000 0.000000 0.000000 0.000000 0.000000 0.000000 0.000000 0.000000 0.000000 0.000000 0.000000 0.000000 0.000000 0.000000 0.000000 0.000000 0.000000 0.000000 0.000000 0.000000 0.000000 0.000000 0.000000 0.000000 0.000000 0.000000 0.000000 0.000000 0.000000 0.000000 0.000000 0.000000 0.000000 0.000000 0.000000 0.000000 0.000000 0.000000 0.000000 0.000000 0.000000 0.000000 0.000000 0.000000 0.000000 0.000000 0.000000 0.000000 0.000000 
0.000000 0.000000 0.000000 0.000000 0.000000 0.000000 0.000000 0.000000 0.000000 0.000000 0.000000 0.000000 0.000000 0.000000 0.000000 0.000000 0.000000 0.000000 0.000000 0.000000 0.000000 0.000000 0.000000 0.000000 0.000000 0.000000 0.000000 0.000000 0.000000 0.000000 0.000000 0.000000 0.000000 0.000000 0.000000 0.000000 0.000000 0.000000 0.000000 0.000000 0.000000 0.000000 0.000000 0.000000 0.000000 0.000000 0.000000 0.000000 0.000000 0.000000 0.000000 
0.000000 0.000000 0.000000 0.000000 0.000000 0.000000 0.000000 0.000000 0.000000 0.000000 0.000000 0.000000 0.000000 0.000000 0.000000 0.000000 0.000000 0.000000 0.000000 0.000000 0.000000 0.000000 0.000000 0.000000 0.000000 0.000000 0.000000 0.000000 0.000000 0.000000 0.000000 0.000000 0.000000 0.000000 0.000000 0.000000 0.000000 0.000000 0.000000 0.000000 0.000000 0.000000 0.000000 0.000000 0.000000 0.000000 0.000000 0.000000 0.000000 0.000000 0.000000 
0.000000 0.000000 0.000000 0.000000 0.000000 0.000000 0.000000 0.000000 0.000000 0.000000 0.000000 0.000000 0.000000 0.000000 0.000000 0.000000 0.000000 0.000000 0.000000 0.000000 0.000000 0.000000 0.000000 0.000000 0.000000 0.000000 0.000000 0.000000 0.000000 0.000000 0.000000 0.000000 0.000000 0.000000 0.000000 0.000000 0.000000 0.000000 0.000000 0.000000 0.000000 0.000000 0.000000 0.000000 0.000000 0.000000 0.000000 0.000000 0.000000 0.000000 0.000000 
0.000000 0.000000 0.000000 0.000000 0.000000 0.000000 0.000000 0.000000 0.000000 0.000000 0.000000 0.000000 0.000000 0.000000 0.000000 0.000000 0.000000 0.000000 0.000000 0.000000 0.000000 0.000000 0.000000 0.000000 0.000000 0.000000 0.000000 0.000000 0.000000 0.000000 0.000000 0.000000 0.000000 0.000000 0.000000 0.000000 0.000000 0.000000 0.000000 0.000000 0.000000 0.000000 0.000000 0.000000 0.000000 0.000000 0.000000 0.000000 0.000000 0.000000 0.000000 
0.000000 0.000000 0.000000 0.000000 0.000000 0.000000 0.000000 0.000000 0.000000 0.000000 0.000000 0.000000 0.000000 0.000000 0.000000 0.000000 0.000000 0.000000 0.000000 0.000000 0.000000 0.000000 0.000000 0.000000 0.000000 0.000000 0.000000 0.000000 0.000000 0.000000 0.000000 0.000000 0.000000 0.000000 0.000000 0.000000 0.000000 0.000000 0.000000 0.000000 0.000000 0.000000 0.000000 0.000000 0.000000 0.000000 0.000000 0.000000 0.000000 0.000000 0.000000 
0.000000 0.000000 0.000000 0.000000 0.000000 0.000000 0.000000 0.000000 0.000000 0.000000 0.000000 0.000000 0.000000 0.000000 0.000000 0.000000 0.000000 0.000000 0.000000 0.000000 0.000000 0.000000 0.000000 0.000000 0.000000 0.000000 0.000000 0.000000 0.000000 0.000000 0.000000 0.000000 0.000000 0.000000 0.000000 0.000000 0.000000 0.000000 0.000000 0.000000 0.000000 0.000000 0.000000 0.000000 0.000000 0.000000 0.000000 0.000000 0.000000 0.000000 0.000000 
0.000000 0.000000 0.000000 0.000000 0.000000 0.000000 0.000000 0.000000 0.000000 0.000000 0.000000 0.000000 0.000000 0.000000 0.000000 0.000000 0.000000 0.000000 0.000000 0.000000 0.000000 0.000000 0.000000 0.000000 0.000000 0.000000 0.000000 0.000000 0.000000 0.000000 0.000000 0.000000 0.000000 0.000000 0.000000 0.000000 0.000000 0.000000 0.000000 0.000000 0.000000 0.000000 0.000000 0.000000 0.000000 0.000000 0.000000 0.000000 0.000000 0.000000 0.000000 
0.000000 0.000000 0.000000 0.000000 0.000000 0.000000 0.000000 0.000000 0.000000 0.000000 0.000000 0.000000 0.000000 0.000000 0.000000 0.000000 0.000000 0.000000 0.000000 0.000000 0.000000 0.000000 0.000000 0.000000 0.000000 0.000000 0.000000 0.000000 0.000000 0.000000 0.000000 0.000000 0.000000 0.000000 0.000000 0.000000 0.000000 0.000000 0.000000 0.000000 0.000000 0.000000 0.000000 0.000000 0.000000 0.000000 0.000000 0.000000 0.000000 0.000000 0.000000 
0.000000 0.000000 0.000000 0.000000 0.000000 0.000000 0.000000 0.000000 0.000000 0.000000 0.000000 0.000000 0.000000 0.000000 0.000000 0.000000 0.000000 0.000000 0.000000 0.000000 0.000000 0.000000 0.000000 0.000000 0.000000 0.000000 0.000000 0.000000 0.000000 0.000000 0.000000 0.000000 0.000000 0.000000 0.000000 0.000000 0.000000 0.000000 0.000000 0.000000 0.000000 0.000000 0.000000 0.000000 0.000000 0.000000 0.000000 0.000000 0.000000 0.000000 0.000000 
0.000000 0.000000 0.000000 0.000000 0.000000 0.000000 0.000000 0.000000 0.000000 0.000000 0.000000 0.000000 0.000000 0.000000 0.000000 0.000000 0.000000 0.000000 0.000000 0.000000 0.000000 0.000000 0.000000 0.000000 0.000000 0.000000 0.000000 0.000000 0.000000 0.000000 0.000000 0.000000 0.000000 0.000000 0.000000 0.000000 0.000000 0.000000 0.000000 0.000000 0.000000 0.000000 0.000000 0.000000 0.000000 0.000000 0.000000 0.000000 0.000000 0.000000 0.000000 
0.000000 0.000000 0.000000 0.000000 0.000000 0.000000 0.000000 0.000000 0.000000 0.000000 0.000000 0.000000 0.000000 0.000000 0.000000 0.000000 0.000000 0.000000 0.000000 0.000000 0.000000 0.000000 0.000000 0.000000 0.000000 0.000000 0.000000 0.000000 0.000000 0.000000 0.000000 0.000000 0.000000 0.000000 0.000000 0.000000 0.000000 0.000000 0.000000 0.000000 0.000000 0.000000 0.000000 0.000000 0.000000 0.000000 0.000000 0.000000 0.000000 0.000000 0.000000 
0.000000 0.000000 0.000000 0.000000 0.000000 0.000000 0.000000 0.000000 0.000000 0.000000 0.000000 0.000000 0.000000 0.000000 0.000000 0.000000 0.000000 0.000000 0.000000 0.000000 0.000000 0.000000 0.000000 0.000000 0.000000 0.000000 0.000000 0.000000 0.000000 0.000000 0.000000 0.000000 0.000000 0.000000 0.000000 0.000000 0.000000 0.000000 0.000000 0.000000 0.000000 0.000000 0.000000 0.000000 0.000000 0.000000 0.000000 0.000000 0.000000 0.000000 0.000000 
0.000000 0.000000 0.000000 0.000000 0.000000 0.000000 0.000000 0.000000 0.000000 0.000000 0.000000 0.000000 0.000000 0.000000 0.000000 0.000000 0.000000 0.000000 0.000000 0.000000 0.000000 0.000000 0.000000 0.000000 0.000000 0.000000 0.000000 0.000000 0.000000 0.000000 0.000000 0.000000 0.000000 0.000000 0.000000 0.000000 0.000000 0.000000 0.000000 0.000000 0.000000 0.000000 0.000000 0.000000 0.000000 0.000000 0.000000 0.000000 0.000000 0.000000 0.000000 
0.000000 0.000000 0.000000 0.000000 0.000000 0.000000 0.000000 0.000000 0.000000 0.000000 0.000000 0.000000 0.000000 0.000000 0.000000 0.000000 0.000000 0.000000 0.000000 0.000000 0.000000 0.000000 0.000000 0.000000 0.000000 0.000000 0.000000 0.000000 0.000000 0.000000 0.000000 0.000000 0.000000 0.000000 0.000000 0.000000 0.000000 0.000000 0.000000 0.000000 0.000000 0.000000 0.000000 0.000000 0.000000 0.000000 0.000000 0.000000 0.000000 0.000000 0.000000 
0.000000 0.000000 0.000000 0.000000 0.000000 0.000000 0.000000 0.000000 0.000000 0.000000 0.000000 0.000000 0.000000 0.000000 0.000000 0.000000 0.000000 0.000000 0.000000 0.000000 0.000000 0.000000 0.000000 0.000000 0.000000 0.000000 0.000000 0.000000 0.000000 0.000000 0.000000 0.000000 0.000000 0.000000 0.000000 0.000000 0.000000 0.000000 0.000000 0.000000 0.000000 0.000000 0.000000 0.000000 0.000000 0.000000 0.000000 0.000000 0.000000 0.000000 0.000000 
0.000000 0.000000 0.000000 0.000000 0.000000 0.000000 0.000000 0.000000 0.000000 0.000000 0.000000 0.000000 0.000000 0.000000 0.000000 0.000000 0.000000 0.000000 0.000000 0.000000 0.000000 0.000000 0.000000 0.000000 0.000000 0.000000 0.000000 0.000000 0.000000 0.000000 0.000000 0.000000 0.000000 0.000000 0.000000 0.000000 0.000000 0.000000 0.000000 0.000000 0.000000 0.000000 0.000000 0.000000 0.000000 0.000000 0.000000 0.000000 0.000000 0.000000 0.000000 
0.000000 0.000000 0.000000 0.000000 0.000000 0.000000 0.000000 0.000000 0.000000 0.000000 0.000000 0.000000 0.000000 0.000000 0.000000 0.000000 0.000000 0.000000 0.000000 0.000000 0.000000 0.000000 0.000000 0.000000 0.000000 0.000000 0.000000 0.000000 0.000000 0.000000 0.000000 0.000000 0.000000 0.000000 0.000000 0.000000 0.000000 0.000000 0.000000 0.000000 0.000000 0.000000 0.000000 0.000000 0.000000 0.000000 0.000000 0.000000 0.000000 0.000000 0.000000 
0.000000 0.000000 0.000000 0.000000 0.000000 0.000000 0.000000 0.000000 0.000000 0.000000 0.000000 0.000000 0.000000 0.000000 0.000000 0.000000 0.000000 0.000000 0.000000 0.000000 0.000000 0.000000 0.000000 0.000000 0.000000 0.000000 0.000000 0.000000 0.000000 0.000000 0.000000 0.000000 0.000000 0.000000 0.000000 0.000000 0.000000 0.000000 0.000000 0.000000 0.000000 0.000000 0.000000 0.000000 0.000000 0.000000 0.000000 0.000000 0.000000 0.000000 0.000000 
0.000000 0.000000 0.000000 0.000000 0.000000 0.000000 0.000000 0.000000 0.000000 0.000000 0.000000 0.000000 0.000000 0.000000 0.000000 0.000000 0.000000 0.000000 0.000000 0.000000 0.000000 0.000000 0.000000 0.000000 0.000000 0.000000 0.000000 0.000000 0.000000 0.000000 0.000000 0.000000 0.000000 0.000000 0.000000 0.000000 0.000000 0.000000 0.000000 0.000000 0.000000 0.000000 0.000000 0.000000 0.000000 0.000000 0.000000 0.000000 0.000000 0.000000 0.000000 
0.000000 0.000000 0.000000 0.000000 0.000000 0.000000 0.000000 0.000000 0.000000 0.000000 0.000000 0.000000 0.000000 0.000000 0.000000 0.000000 0.000000 0.000000 0.000000 0.000000 0.000000 0.000000 0.000000 0.000000 0.000000 0.000000 0.000000 0.000000 0.000000 0.000000 0.000000 0.000000 0.000000 0.000000 0.000000 0.000000 0.000000 0.000000 0.000000 0.000000 0.000000 0.000000 0.000000 0.000000 0.000000 0.000000 0.000000 0.000000 0.000000 0.000000 0.000000 
0.000000 0.000000 0.000000 0.000000 0.000000 0.000000 0.000000 0.000000 0.000000 0.000000 0.000000 0.000000 0.000000 0.000000 0.000000 0.000000 0.000000 0.000000 0.000000 0.000000 0.000000 0.000000 0.000000 0.000000 0.000000 0.000000 0.000000 0.000000 0.000000 0.000000 0.000000 0.000000 0.000000 0.000000 0.000000 0.000000 0.000000 0.000000 0.000000 0.000000 0.000000 0.000000 0.000000 0.000000 0.000000 0.000000 0.000000 0.000000 0.000000 0.000000 0.000000 
0.000000 0.000000 0.000000 0.000000 0.000000 0.000000 0.000000 0.000000 0.000000 0.000000 0.000000 0.000000 0.000000 0.000000 0.000000 0.000000 0.000000 0.000000 0.000000 0.000000 0.000000 0.000000 0.000000 0.000000 0.000000 0.000000 0.000000 0.000000 0.000000 0.000000 0.000000 0.000000 0.000000 0.000000 0.000000 0.000000 0.000000 0.000000 0.000000 0.000000 0.000000 0.000000 0.000000 0.000000 0.000000 0.000000 0.000000 0.000000 0.000000 0.000000 0.000000 
0.000000 0.000000 0.000000 0.000000 0.000000 0.000000 0.000000 0.000000 0.000000 0.000000 0.000000 0.000000 0.000000 0.000000 0.000000 0.000000 0.000000 0.000000 0.000000 0.000000 0.000000 0.000000 0.000000 0.000000 0.000000 0.000000 0.000000 0.000000 0.000000 0.000000 0.000000 0.000000 0.000000 0.000000 0.000000 0.000000 0.000000 0.000000 0.000000 0.000000 0.000000 0.000000 0.000000 0.000000 0.000000 0.000000 0.000000 0.000000 0.000000 0.000000 0.000000 
0.000000 0.000000 0.000000 0.000000 0.000000 0.000000 0.000000 0.000000 0.000000 0.000000 0.000000 0.000000 0.000000 0.000000 0.000000 0.000000 0.000000 0.000000 0.000000 0.000000 0.000000 0.000000 0.000000 0.000000 0.000000 0.000000 0.000000 0.000000 0.000000 0.000000 0.000000 0.000000 0.000000 0.000000 0.000000 0.000000 0.000000 0.000000 0.000000 0.000000 0.000000 0.000000 0.000000 0.000000 0.000000 0.000000 0.000000 0.000000 0.000000 0.000000 0.000000 
0.000000 0.000000 0.000000 0.000000 0.000000 0.000000 0.000000 0.000000 0.000000 0.000000 0.000000 0.000000 0.000000 0.000000 0.000000 0.000000 0.000000 0.000000 0.000000 0.000000 0.000000 0.000000 0.000000 0.000000 0.000000 0.000000 0.000000 0.000000 0.000000 0.000000 0.000000 0.000000 0.000000 0.000000 0.000000 0.000000 0.000000 0.000000 0.000000 0.000000 0.000000 0.000000 0.000000 0.000000 0.000000 0.000000 0.000000 0.000000 0.000000 0.000000 0.000000 
0.000000 0.000000 0.000000 0.000000 0.000000 0.000000 0.000000 0.000000 0.000000 0.000000 0.000000 0.000000 0.000000 0.000000 0.000000 0.000000 0.000000 0.000000 0.000000 0.000000 0.000000 0.000000 0.000000 0.000000 0.000000 0.000000 0.000000 0.000000 0.000000 0.000000 0.000000 0.000000 0.000000 0.000000 0.000000 0.000000 0.000000 0.000000 0.000000 0.000000 0.000000 0.000000 0.000000 0.000000 0.000000 0.000000 0.000000 0.000000 0.000000 0.000000 0.000000 
0.000000 0.000000 0.000000 0.000000 0.000000 0.000000 0.000000 0.000000 0.000000 0.000000 0.000000 0.000000 0.000000 0.000000 0.000000 0.000000 0.000000 0.000000 0.000000 0.000000 0.000000 0.000000 0.000000 0.000000 0.000000 0.000000 0.000000 0.000000 0.000000 0.000000 0.000000 0.000000 0.000000 0.000000 0.000000 0.000000 0.000000 0.000000 0.000000 0.000000 0.000000 0.000000 0.000000 0.000000 0.000000 0.000000 0.000000 0.000000 0.000000 0.000000 0.000000 
0.000000 0.000000 0.000000 0.000000 0.000000 0.000000 0.000000 0.000000 0.000000 0.000000 0.000000 0.000000 0.000000 0.000000 0.000000 0.000000 0.000000 0.000000 0.000000 0.000000 0.000000 0.000000 0.000000 0.000000 0.000000 0.000000 0.000000 0.000000 0.000000 0.000000 0.000000 0.000000 0.000000 0.000000 0.000000 0.000000 0.000000 0.000000 0.000000 0.000000 0.000000 0.000000 0.000000 0.000000 0.000000 0.000000 0.000000 0.000000 0.000000 0.000000 0.000000 
0.000000 0.000000 0.000000 0.000000 0.000000 0.000000 0.000000 0.000000 0.000000 0.000000 0.000000 0.000000 0.000000 0.000000 0.000000 0.000000 0.000000 0.000000 0.000000 0.000000 0.000000 0.000000 0.000000 0.000000 0.000000 0.000000 0.000000 0.000000 0.000000 0.000000 0.000000 0.000000 0.000000 0.000000 0.000000 0.000000 0.000000 0.000000 0.000000 0.000000 0.000000 0.000000 0.000000 0.000000 0.000000 0.000000 0.000000 0.000000 0.000000 0.000000 0.000000 
0.000000 0.000000 0.000000 0.000000 0.000000 0.000000 0.000000 0.000000 0.000000 0.000000 0.000000 0.000000 0.000000 0.000000 0.000000 0.000000 0.000000 0.000000 0.000000 0.000000 0.000000 0.000000 0.000000 0.000000 0.000000 0.000000 0.000000 0.000000 0.000000 0.000000 0.000000 0.000000 0.000000 0.000000 0.000000 0.000000 0.000000 0.000000 0.000000 0.000000 0.000000 0.000000 0.000000 0.000000 0.000000 0.000000 0.000000 0.000000 0.000000 0.000000 0.000000 
0.000000 0.000000 0.000000 0.000000 0.000000 0.000000 0.000000 0.000000 0.000000 0.000000 0.000000 0.000000 0.000000 0.000000 0.000000 0.000000 0.000000 0.000000 0.000000 0.000000 0.000000 0.000000 0.000000 0.000000 0.000000 0.000000 0.000000 0.000000 0.000000 0.000000 0.000000 0.000000 0.000000 0.000000 0.000000 0.000000 0.000000 0.000000 0.000000 0.000000 0.000000 0.000000 0.000000 0.000000 0.000000 0.000000 0.000000 0.000000 0.000000 0.000000 0.000000 
0.000000 0.000000 0.000000 0.000000 0.000000 0.000000 0.000000 0.000000 0.000000 0.000000 0.000000 0.000000 0.000000 0.000000 0.000000 0.000000 0.000000 0.000000 0.000000 0.000000 0.000000 0.000000 0.000000 0.000000 0.000000 0.000000 0.000000 0.000000 0.000000 0.000000 0.000000 0.000000 0.000000 0.000000 0.000000 0.000000 0.000000 0.000000 0.000000 0.000000 0.000000 0.000000 0.000000 0.000000 0.000000 0.000000 0.000000 0.000000 0.000000 0.000000 0.000000 
0.000000 0.000000 0.000000 0.000000 0.000000 0.000000 0.000000 0.000000 0.000000 0.000000 0.000000 0.000000 0.000000 0.000000 0.000000 0.000000 0.000000 0.000000 0.000000 0.000000 0.000000 0.000000 0.000000 0.000000 0.000000 0.000000 0.000000 0.000000 0.000000 0.000000 0.000000 0.000000 0.000000 0.000000 0.000000 0.000000 0.000000 0.000000 0.000000 0.000000 0.000000 0.000000 0.000000 0.000000 0.000000 0.000000 0.000000 0.000000 0.000000 0.000000 0.000000 
0.000000 0.000000 0.000000 0.000000 0.000000 0.000000 0.000000 0.000000 0.000000 0.000000 0.000000 0.000000 0.000000 0.000000 0.000000 0.000000 0.000000 0.000000 0.000000 0.000000 0.000000 0.000000 0.000000 0.000000 0.000000 0.000000 0.000000 0.000000 0.000000 0.000000 0.000000 0.000000 0.000000 0.000000 0.000000 0.000000 0.000000 0.000000 0.000000 0.000000 0.000000 0.000000 0.000000 0.000000 0.000000 0.000000 0.000000 0.000000 0.000000 0.000000 0.000000 
0.000000 0.000000 0.000000 0.000000 0.000000 0.000000 0.000000 0.000000 0.000000 0.000000 0.000000 0.000000 0.000000 0.000000 0.000000 0.000000 0.000000 0.000000 0.000000 0.000000 0.000000 0.000000 0.000000 0.000000 0.000000 0.000000 0.000000 0.000000 0.000000 0.000000 0.000000 0.000000 0.000000 0.000000 0.000000 0.000000 0.000000 0.000000 0.000000 0.000000 0.000000 0.000000 0.000000 0.000000 0.000000 0.000000 0.000000 0.000000 0.000000 0.000000 0.000000 
0.000000 0.000000 0.000000 0.000000 0.000000 0.000000 0.000000 0.000000 0.000000 0.000000 0.000000 0.000000 0.000000 0.000000 0.000000 0.000000 0.000000 0.000000 0.000000 0.000000 0.000000 0.000000 0.000000 0.000000 0.000000 0.000000 0.000000 0.000000 0.000000 0.000000 0.000000 0.000000 0.000000 0.000000 0.000000 0.000000 0.000000 0.000000 0.000000 0.000000 0.000000 0.000000 0.000000 0.000000 0.000000 0.000000 0.000000 0.000000 0.000000 0.000000 0.000000 
0.000000 0.000000 0.000000 0.000000 0.000000 0.000000 0.000000 0.000000 0.000000 0.000000 0.000000 0.000000 0.000000 0.000000 0.000000 0.000000 0.000000 0.000000 0.000000 0.000000 0.000000 0.000000 0.000000 0.000000 0.000000 0.000000 0.000000 0.000000 0.000000 0.000000 0.000000 0.000000 0.000000 0.000000 0.000000 0.000000 0.000000 0.000000 0.000000 0.000000 0.000000 0.000000 0.000000 0.000000 0.000000 0.000000 0.000000 0.000000 0.000000 0.000000 0.000000 
0.000000 0.000000 0.000000 0.000000 0.000000 0.000000 0.000000 0.000000 0.000000 0.000000 0.000000 0.000000 0.000000 0.000000 0.000000 0.000000 0.000000 0.000000 0.000000 0.000000 0.000000 0.000000 0.000000 0.000000 0.000000 0.000000 0.000000 0.000000 0.000000 0.000000 0.000000 0.000000 0.000000 0.000000 0.000000 0.000000 0.000000 0.000000 0.000000 0.000000 0.000000 0.000000 0.000000 0.000000 0.000000 0.000000 0.000000 0.000000 0.000000 0.000000 0.000000 
0.000000 0.000000 0.000000 0.000000 0.000000 0.000000 0.000000 0.000000 0.000000 0.000000 0.000000 0.000000 0.000000 0.000000 0.000000 0.000000 0.000000 0.000000 0.000000 0.000000 0.000000 0.000000 0.000000 0.000000 0.000000 0.000000 0.000000 0.000000 0.000000 0.000000 0.000000 0.000000 0.000000 0.000000 0.000000 0.000000 0.000000 0.000000 0.000000 0.000000 0.000000 0.000000 0.000000 0.000000 0.000000 0.000000 0.000000 0.000000 0.000000 0.000000 0.000000 
0.000000 0.000000 0.000000 0.000000 0.000000 0.000000 0.000000 0.000000 0.000000 0.000000 0.000000 0.000000 0.000000 0.000000 0.000000 0.000000 0.000000 0.000000 0.000000 0.000000 0.000000 0.000000 0.000000 0.000000 0.000000 0.000000 0.000000 0.000000 0.000000 0.000000 0.000000 0.000000 0.000000 0.000000 0.000000 0.000000 0.000000 0.000000 0.000000 0.000000 0.000000 0.000000 0.000000 0.000000 0.000000 0.000000 0.000000 0.000000 0.000000 0.000000 0.000000 
0.000000 0.000000 0.000000 0.000000 0.000000 0.000000 0.000000 0.000000 0.000000 0.000000 0.000000 0.000000 0.000000 0.000000 0.000000 0.000000 0.000000 0.000000 0.000000 0.000000 0.000000 0.000000 0.000000 0.000000 0.000000 0.000000 0.000000 0.000000 0.000000 0.000000 0.000000 0.000000 0.000000 0.000000 0.000000 0.000000 0.000000 0.000000 0.000000 0.000000 0.000000 0.000000 0.000000 0.000000 0.000000 0.000000 0.000000 0.000000 0.000000 0.000000 0.000000 
0.000000 0.000000 0.000000 0.000000 0.000000 0.000000 0.000000 0.000000 0.000000 0.000000 0.000000 0.000000 0.000000 0.000000 0.000000 0.000000 0.000000 0.000000 0.000000 0.000000 0.000000 0.000000 0.000000 0.000000 0.000000 0.000000 0.000000 0.000000 0.000000 0.000000 0.000000 0.000000 0.000000 0.000000 0.000000 0.000000 0.000000 0.000000 0.000000 0.000000 0.000000 0.000000 0.000000 0.000000 0.000000 0.000000 0.000000 0.000000 0.000000 0.000000 0.000000 
0.000000 0.000000 0.000000 0.000000 0.000000 0.000000 0.000000 0.000000 0.000000 0.000000 0.000000 0.000000 0.000000 0.000000 0.000000 0.000000 0.000000 0.000000 0.000000 0.000000 0.000000 0.000000 0.000000 0.000000 0.000000 0.000000 0.000000 0.000000 0.000000 0.000000 0.000000 0.000000 0.000000 0.000000 0.000000 0.000000 0.000000 0.000000 0.000000 0.000000 0.000000 0.000000 0.000000 0.000000 0.000000 0.000000 0.000000 0.000000 0.000000 0.000000 0.000000 
0.000000 0.000000 0.000000 0.000000 0.000000 0.000000 0.000000 0.000000 0.000000 0.000000 0.000000 0.000000 0.000000 0.000000 0.000000 0.000000 0.000000 0.000000 0.000000 0.000000 0.000000 0.000000 0.000000 0.000000 0.000000 0.000000 0.000000 0.000000 0.000000 0.000000 0.000000 0.000000 0.000000 0.000000 0.000000 0.000000 0.000000 0.000000 0.000000 0.000000 0.000000 0.000000 0.000000 0.000000 0.000000 0.000000 0.000000 0.000000 0.000000 0.000000 0.000000 
0.000000 0.000000 0.000000 0.000000 0.000000 0.000000 0.000000 0.000000 0.000000 0.000000 0.000000 0.000000 0.000000 0.000000 0.000000 0.000000 0.000000 0.000000 0.000000 0.000000 0.000000 0.000000 0.000000 0.000000 0.000000 0.000000 0.000000 0.000000 0.000000 0.000000 0.000000 0.000000 0.000000 0.000000 0.000000 0.000000 0.000000 0.000000 0.000000 0.000000 0.000000 0.000000 0.000000 0.000000 0.000000 0.000000 0.000000 0.000000 0.000000 0.000000 0.000000 
0.000000 0.000000 0.000000 0.000000 0.000000 0.000000 0.000000 0.000000 0.000000 0.000000 0.000000 0.000000 0.000000 0.000000 0.000000 0.000000 0.000000 0.000000 0.000000 0.000000 0.000000 0.000000 0.000000 0.000000 0.000000 0.000000 0.000000 0.000000 0.000000 0.000000 0.000000 0.000000 0.000000 0.000000 0.000000 0.000000 0.000000 0.000000 0.000000 0.000000 0.000000 0.000000 0.000000 0.000000 0.000000 0.000000 0.000000 0.000000 0.000000 0.000000 0.000000 
0.000000 0.000000 0.000000 0.000000 0.000000 0.000000 0.000000 0.000000 0.000000 0.000000 0.000000 0.000000 0.000000 0.000000 0.000000 0.000000 0.000000 0.000000 0.000000 0.000000 0.000000 0.000000 0.000000 0.000000 0.000000 0.000000 0.000000 0.000000 0.000000 0.000000 0.000000 0.000000 0.000000 0.000000 0.000000 0.000000 0.000000 0.000000 0.000000 0.000000 0.000000 0.000000 0.000000 0.000000 0.000000 0.000000 0.000000 0.000000 0.000000 0.000000 0.000000 
0.000000 0.000000 0.000000 0.000000 0.000000 0.000000 0.000000 0.000000 0.000000 0.000000 0.000000 0.000000 0.000000 0.000000 0.000000 0.000000 0.000000 0.000000 0.000000 0.000000 0.000000 0.000000 0.000000 0.000000 0.000000 0.000000 0.000000 0.000000 0.000000 0.000000 0.000000 0.000000 0.000000 0.000000 0.000000 0.000000 0.000000 0.000000 0.000000 0.000000 0.000000 0.000000 0.000000 0.000000 0.000000 0.000000 0.000000 0.000000 0.000000 0.000000 0.000000 
0.000000 0.000000 0.000000 0.000000 0.000000 0.000000 0.000000 0.000000 0.000000 0.000000 0.000000 0.000000 0.000000 0.000000 0.000000 0.000000 0.000000 0.000000 0.000000 0.000000 0.000000 0.000000 0.000000 0.000000 0.000000 0.000000 0.000000 0.000000 0.000000 0.000000 0.000000 0.000000 0.000000 0.000000 0.000000 0.000000 0.000000 0.000000 0.000000 0.000000 0.000000 0.000000 0.000000 0.000000 0.000000 0.000000 0.000000 0.000000 0.000000 0.000000 0.000000 
0.000000 0.000000 0.000000 0.000000 0.000000 0.000000 0.000000 0.000000 0.000000 0.000000 0.000000 0.000000 0.000000 0.000000 0.000000 0.000000 0.000000 0.000000 0.000000 0.000000 0.000000 0.000000 0.000000 0.000000 0.000000 0.000000 0.000000 0.000000 0.000000 0.000000 0.000000 0.000000 0.000000 0.000000 0.000000 0.000000 0.000000 0.000000 0.000000 0.000000 0.000000 0.000000 0.000000 0.000000 0.000000 0.000000 0.000000 0.000000 0.000000 0.000000 0.000000 
--
0.007585 0.007622 0.007696 0.007806 0.007950 0.008124 0.008327 0.008554 0.008801 0.009063 0.009337 0.009616 0.009895 0.010168 0.010432 0.010678 0.010904 0.011104 0.011273 0.011409 0.011506 0.011564 0.011580 0.011553 0.011482 0.011369 0.011214 0.011019 0.010787 0.010521 0.010224 0.009902 0.009558 0.009197 0.008823 0.008443 0.008061 0.007682 0.007310 0.006950 0.006605 0.006281 0.005979 0.005703 0.005457 0.005241 0.005058 0.004910 0.004798 0.004723 0.004686 
0.007622 0.007660 0.007735 0.007846 0.007991 0.008167 0.008372 0.008601 0.008850 0.009115 0.009392 0.009673 0.009955 0.010232 0.010497 0.010747 0.010975 0.011176 0.011348 0.011484 0.011583 0.011642 0.011658 0.011631 0.011560 0.011445 0.011289 0.011092 0.010858 0.010590 0.010291 0.009966 0.009618 0.009254 0.008878 0.008495 0.008109 0.007727 0.007352 0.006988 0.006641 0.006314 0.006009 0.005732 0.005483 0.005265 0.005081 0.004932 0.004819 0.004743 0.004705 
0.007696 0.007735 0.007812 0.007925 0.008072 0.008252 0.008461 0.008694 0.008948 0.009219 0.009500 0.009787 0.010075 0.010357 0.010627 0.010882 0.011114 0.011320 0.011495 0.011634 0.011735 0.011795 0.011812 0.011784 0.011712 0.011596 0.011438 0.011238 0.011000 0.010727 0.010423 0.010092 0.009739 0.009369 0.008986 0.008597 0.008205 0.007816 0.007434 0.007065 0.006712 0.006379 0.006070 0.005787 0.005535 0.005314 0.005127 0.004975 0.004860 0.004783 0.004745 
0.007806 0.007846 0.007925 0.008041 0.008193 0.008378 0.008592 0.008832 0.009094 0.009372 0.009661 0.009956 0.010252 0.010541 0.010820 0.011081 0.011321 0.011532 0.011712 0.011856 0.011960 0.012022 0.012039 0.012012 0.011938 0.011820 0.011657 0.011453 0.011209 0.010930 0.010618 0.010279 0.009918 0.009538 0.009146 0.008747 0.008346 0.007947 0.007556 0.007178 0.006817 0.006476 0.006159 0.005870 0.005611 0.005385 0.005194 0.005039 0.004921 0.004842 0.004803 
0.007950 0.007991 0.008072 0.008193 0.008350 0.008541 0.008764 0.009012 0.009283 0.009571 0.009871 0.010176 0.010482 0.010783 0.011071 0.011342 0.011590 0.011809 0.011996 0.012145 0.012253 0.012318 0.012336 0.012309 0.012233 0.012111 0.011944 0.011733 0.011482 0.011194 0.010873 0.010524 0.010151 0.009759 0.009355 0.008943 0.008530 0.008119 0.007716 0.007326 0.006953 0.006602 0.006276 0.005978 0.005711 0.005478 0.005281 0.005122 0.005001 0.004920 0.004879 
0.008124 0.008167 0.008252 0.008378 0.008541 0.008741 0.008972 0.009231 0.009514 0.009814 0.010126 0.010444 0.010763 0.011076 0.011377 0.011659 0.011917 0.012146 0.012341 0.012496 0.012610 0.012677 0.012698 0.012669 0.012592 0.012466 0.012293 0.012075 0.011814 0.011516 0.011183 0.010821 0.010434 0.010028 0.009609 0.009182 0.008753 0.008327 0.007910 0.007506 0.007120 0.006756 0.006418 0.006109 0.005833 0.005592 0.005388 0.005223 0.005097 0.005013 0.004971 
0.008327 0.008372 0.008461 0.008592 0.008764 0.008972 0.009214 0.009486 0.009781 0.010095 0.010422 0.010755 0.011089 0.011416 0.011731 0.012027 0.012297 0.012537 0.012741 0.012904 0.013023 0.013095 0.013117 0.013088 0.013008 0.012877 0.012697 0.012470 0.012200 0.011889 0.011542 0.011165 0.010762 0.010340 0.009904 0.009459 0.009013 0.008569 0.008135 0.007714 0.007313 0.006934 0.006583 0.006262 0.005975 0.005724 0.005511 0.005340 0.005209 0.005122 0.005078 
0.008554 0.008601 0.008694 0.008832 0.009012 0.009231 0.009486 0.009770 0.010080 0.010410 0.010753 0.011103 0.011453 0.011797 0.012128 0.012438 0.012722 0.012974 0.013189 0.013361 0.013486 0.013562 0.013586 0.013557 0.013474 0.013338 0.013150 0.012914 0.012631 0.012306 0.011945 0.011551 0.011130 0.010689 0.010234 0.009770 0.009303 0.008841 0.008387 0.007948 0.007529 0.007134 0.006767 0.006432 0.006133 0.005871 0.005650 0.005471 0.005335 0.005244 0.005198 
0.008801 0.008850 0.008948 0.009094 0.009283 0.009514 0.009781 0.010080 0.010406 0.010753 0.011114 0.011482 0.011850 0.012212 0.012560 0.012886 0.013185 0.013451 0.013677 0.013858 0.013991 0.014071 0.014097 0.014068 0.013981 0.013840 0.013644 0.013396 0.013101 0.012761 0.012383 0.011971 0.011531 0.011070 0.010593 0.010108 0.009620 0.009136 0.008662 0.008203 0.007764 0.007351 0.006968 0.006618 0.006305 0.006032 0.005801 0.005613 0.005472 0.005376 0.005329 
0.009063 0.009115 0.009219 0.009372 0.009571 0.009814 0.010095 0.010410 0.010753 0.011118 0.011497 0.011885 0.012272 0.012653 0.013019 0.013363 0.013678 0.013957 0.014196 0.014387 0.014527 0.014613 0.014641 0.014611 0.014521 0.014373 0.014169 0.013910 0.013600 0.013245 0.012849 0.012417 0.011957 0.011474 0.010975 0.010467 0.009956 0.009450 0.008954 0.008473 0.008015 0.007583 0.007182 0.006816 0.006488 0.006202 0.005961 0.005765 0.005617 0.005517 0.005468 
0.009337 0.009392 0.009500 0.009661 0.009871 0.010126 0.010422 0.010753 0.011114 0.011497 0.011897 0.012304 0.012712 0.013112 0.013497 0.013859 0.014191 0.014485 0.014736 0.014938 0.015086 0.015177 0.015208 0.015177 0.015084 0.014929 0.014715 0.014445 0.014121 0.013749 0.013334 0.012882 0.012400 0.011895 0.011373 0.010841 0.010307 0.009777 0.009257 0.008755 0.008275 0.007823 0.007404 0.007021 0.006679 0.006380 0.006127 0.005923 0.005768 0.005664 0.005612 
0.009616 0.009673 0.009787 0.009956 0.010176 0.010444 0.010755 0.011103 0.011482 0.011885 0.012304 0.012732 0.013160 0.013580 0.013985 0.014366 0.014714 0.015024 0.015288 0.015501 0.015658 0.015754 0.015787 0.015756 0.015659 0.015498 0.015274 0.014991 0.014652 0.014263 0.013829 0.013357 0.012853 0.012324 0.011779 0.011223 0.010664 0.010110 0.009568 0.009043 0.008541 0.008069 0.007631 0.007231 0.006873 0.006561 0.006297 0.006084 0.005922 0.005813 0.005759 
0.009895 0.009955 0.010075 0.010252 0.010482 0.010763 0.011089 0.011453 0.011850 0.012272 0.012712 0.013160 0.013609 0.014050 0.014474 0.014873 0.015239 0.015565 0.015842 0.016066 0.016231 0.016333 0.016369 0.016336 0.016236 0.016068 0.015834 0.015539 0.015185 0.014779 0.014326 0.013833 0.013307 0.012755 0.012185 0.011605 0.011022 0.010444 0.009878 0.009330 0.008807 0.008315 0.007858 0.007441 0.007068 0.006743 0.006467 0.006244 0.006076 0.005963 0.005906 
0.010168 0.010232 0.010357 0.010541 0.010783 0.011076 0.011416 0.011797 0.012212 0.012653 0.013112 0.013581 0.014050 0.014511 0.014954 0.015372 0.015755 0.016096 0.016387 0.016622 0.016795 0.016903 0.016941 0.016908 0.016804 0.016629 0.016386 0.016078 0.015710 0.015286 0.014814 0.014300 0.013752 0.013177 0.012584 0.011980 0.011374 0.010772 0.010183 0.009613 0.009069 0.008556 0.008081 0.007647 0.007259 0.006920 0.006634 0.006402 0.006227 0.006109 0.006050 
0.010432 0.010497 0.010627 0.010820 0.011071 0.011377 0.011731 0.012128 0.012560 0.013019 0.013497 0.013985 0.014474 0.014954 0.015417 0.015853 0.016252 0.016608 0.016913 0.017158 0.017340 0.017453 0.017494 0.017460 0.017352 0.017171 0.016918 0.016598 0.016215 0.015775 0.015284 0.014750 0.014181 0.013584 0.012968 0.012341 0.011712 0.011087 0.010476 0.009884 0.009320 0.008788 0.008295 0.007845 0.007442 0.007091 0.006794 0.006554 0.006372 0.006250 0.006188 
0.010679 0.010747 0.010882 0.011081 0.011342 0.011659 0.012027 0.012438 0.012886 0.013363 0.013859 0.014366 0.014873 0.015372 0.015853 0.016305 0.016721 0.017092 0.017408 0.017665 0.017854 0.017973 0.018016 0.017982 0.017871 0.017683 0.017421 0.017089 0.016692 0.016236 0.015727 0.015174 0.014585 0.013967 0.013330 0.012681 0.012030 0.011384 0.010751 0.010140 0.009556 0.009006 0.008496 0.008030 0.007614 0.007251 0.006944 0.006695 0.006507 0.006381 0.006318 
0.010904 0.010975 0.011114 0.011321 0.011590 0.011917 0.012297 0.012722 0.013185 0.013678 0.014191 0.014714 0.015239 0.015755 0.016252 0.016721 0.017152 0.017536 0.017865 0.018131 0.018328 0.018452 0.018497 0.018463 0.018348 0.018154 0.017884 0.017541 0.017131 0.016659 0.016135 0.015564 0.014956 0.014318 0.013661 0.012992 0.012321 0.011655 0.011003 0.010373 0.009772 0.009205 0.008680 0.008200 0.007772 0.007397 0.007081 0.006825 0.006631 0.006501 0.006436 
0.011104 0.011177 0.011320 0.011532 0.011809 0.012146 0.012537 0.012974 0.013451 0.013958 0.014485 0.015024 0.015565 0.016096 0.016608 0.017092 0.017536 0.017932 0.018272 0.018547 0.018752 0.018880 0.018927 0.018893 0.018775 0.018576 0.018297 0.017944 0.017522 0.017037 0.016497 0.015911 0.015286 0.014631 0.013956 0.013269 0.012580 0.011896 0.011227 0.010580 0.009963 0.009382 0.008842 0.008350 0.007911 0.007527 0.007202 0.006939 0.006740 0.006607 0.006540 
0.011273 0.011348 0.011495 0.011712 0.011996 0.012341 0.012741 0.013189 0.013677 0.014196 0.014736 0.015289 0.015842 0.016387 0.016913 0.017409 0.017865 0.018272 0.018621 0.018905 0.019115 0.019248 0.019297 0.019262 0.019142 0.018938 0.018652 0.018290 0.017857 0.017361 0.016808 0.016207 0.015567 0.014898 0.014207 0.013505 0.012800 0.012102 0.011418 0.010757 0.010126 0.009532 0.008981 0.008478 0.008028 0.007636 0.007304 0.007036 0.006833 0.006696 0.006628 
0.011409 0.011484 0.011634 0.011856 0.012145 0.012496 0.012904 0.013361 0.013858 0.014387 0.014938 0.015501 0.016066 0.016622 0.017158 0.017665 0.018131 0.018547 0.018905 0.019195 0.019411 0.019547 0.019598 0.019563 0.019440 0.019232 0.018941 0.018571 0.018130 0.017623 0.017059 0.016447 0.015795 0.015113 0.014410 0.013695 0.012978 0.012267 0.011571 0.010898 0.010256 0.009652 0.009091 0.008580 0.008122 0.007723 0.007386 0.007112 0.006906 0.006767 0.006697 
0.011507 0.011583 0.011735 0.011960 0.012253 0.012610 0.013023 0.013486 0.013991 0.014527 0.015087 0.015658 0.016231 0.016795 0.017340 0.017855 0.018328 0.018752 0.019115 0.019411 0.019631 0.019770 0.019823 0.019787 0.019663 0.019451 0.019155 0.018780 0.018332 0.017818 0.017246 0.016625 0.015964 0.015272 0.014560 0.013835 0.013108 0.012388 0.011683 0.011002 0.010351 0.009739 0.009171 0.008653 0.008190 0.007786 0.007444 0.007167 0.006958 0.006817 0.006747 
0.011564 0.011642 0.011795 0.012022 0.012318 0.012678 0.013095 0.013562 0.014071 0.014613 0.015177 0.015754 0.016333 0.016903 0.017453 0.017973 0.018452 0.018880 0.019248 0.019547 0.019770 0.019911 0.019964 0.019929 0.019803 0.019589 0.019290 0.018911 0.018459 0.017939 0.017362 0.016735 0.016069 0.015371 0.014652 0.013921 0.013188 0.012462 0.011751 0.011064 0.010409 0.009791 0.009219 0.008696 0.008229 0.007822 0.007477 0.007198 0.006987 0.006846 0.006775 
0.011580 0.011658 0.011812 0.012039 0.012337 0.012698 0.013117 0.013586 0.014098 0.014641 0.015208 0.015787 0.016369 0.016941 0.017494 0.018016 0.018497 0.018928 0.019297 0.019598 0.019823 0.019964 0.020019 0.019983 0.019857 0.019642 0.019342 0.018961 0.018506 0.017985 0.017405 0.016776 0.016107 0.015406 0.014685 0.013952 0.013216 0.012487 0.011774 0.011084 0.010426 0.009807 0.009232 0.008708 0.008240 0.007831 0.007485 0.007205 0.006993 0.006851 0.006780 
0.011553 0.011631 0.011784 0.012012 0.012309 0.012670 0.013088 0.013557 0.014068 0.014611 0.015177 0.015756 0.016336 0.016908 0.017460 0.017982 0.018463 0.018893 0.019262 0.019563 0.019787 0.019929 0.019983 0.019948 0.019822 0.019607 0.019308 0.018927 0.018473 0.017952 0.017373 0.016745 0.016076 0.015377 0.014656 0.013924 0.013189 0.012462 0.011749 0.011061 0.010404 0.009785 0.009211 0.008688 0.008220 0.007812 0.007466 0.007187 0.006975 0.006834 0.006762 
0.011483 0.011560 0.011713 0.011938 0.012233 0.012592 0.013008 0.013474 0.013982 0.014521 0.015084 0.015659 0.016236 0.016804 0.017353 0.017871 0.018348 0.018775 0.019142 0.019441 0.019663 0.019803 0.019857 0.019822 0.019697 0.019484 0.019186 0.018809 0.018358 0.017841 0.017266 0.016641 0.015977 0.015282 0.014566 0.013838 0.013108 0.012385 0.011677 0.010993 0.010340 0.009725 0.009155 0.008635 0.008170 0.007764 0.007421 0.007143 0.006933 0.006792 0.006721 
0.011369 0.011445 0.011597 0.011820 0.012112 0.012466 0.012877 0.013338 0.013840 0.014373 0.014930 0.015498 0.016068 0.016629 0.017171 0.017683 0.018154 0.018576 0.018938 0.019232 0.019451 0.019589 0.019642 0.019607 0.019484 0.019274 0.018980 0.018607 0.018162 0.017651 0.017083 0.016466 0.015810 0.015123 0.014415 0.013696 0.012974 0.012258 0.011558 0.010882 0.010236 0.009628 0.009064 0.008549 0.008090 0.007688 0.007349 0.007074 0.006866 0.006727 0.006657 
0.011214 0.011289 0.011438 0.011657 0.011944 0.012293 0.012697 0.013150 0.013644 0.014169 0.014715 0.015274 0.015835 0.016386 0.016919 0.017421 0.017884 0.018297 0.018652 0.018941 0.019155 0.019290 0.019342 0.019308 0.019186 0.018980 0.018692 0.018326 0.017889 0.017387 0.016829 0.016222 0.015577 0.014901 0.014205 0.013497 0.012787 0.012083 0.011394 0.010728 0.010092 0.009494 0.008939 0.008433 0.007980 0.007585 0.007251 0.006981 0.006776 0.006639 0.006570 
0.011019 0.011092 0.011238 0.011453 0.011734 0.012075 0.012471 0.012914 0.013396 0.013910 0.014445 0.014991 0.015539 0.016078 0.016598 0.017089 0.017541 0.017944 0.018290 0.018571 0.018780 0.018911 0.018961 0.018927 0.018809 0.018608 0.018326 0.017969 0.017542 0.017051 0.016506 0.015913 0.015281 0.014620 0.013938 0.013245 0.012550 0.011861 0.011186 0.010534 0.009911 0.009325 0.008782 0.008286 0.007843 0.007456 0.007129 0.006864 0.006664 0.006530 0.006462 
0.010787 0.010858 0.011000 0.011209 0.011482 0.011815 0.012200 0.012631 0.013101 0.013601 0.014121 0.014653 0.015185 0.015710 0.016215 0.016692 0.017131 0.017522 0.017858 0.018130 0.018332 0.018459 0.018507 0.018473 0.018358 0.018162 0.017889 0.017542 0.017126 0.016650 0.016119 0.015542 0.014927 0.014284 0.013620 0.012945 0.012267 0.011595 0.010938 0.010302 0.009696 0.009124 0.008595 0.008112 0.007680 0.007303 0.006984 0.006726 0.006531 0.006400 0.006334 
0.010521 0.010590 0.010727 0.010930 0.011194 0.011516 0.011889 0.012307 0.012761 0.013245 0.013749 0.014263 0.014779 0.015286 0.015775 0.016236 0.016660 0.017037 0.017361 0.017623 0.017818 0.017940 0.017985 0.017952 0.017841 0.017651 0.017387 0.017051 0.016650 0.016189 0.015675 0.015116 0.014521 0.013897 0.013253 0.012599 0.011942 0.011290 0.010653 0.010036 0.009448 0.008894 0.008380 0.007911 0.007492 0.007127 0.006818 0.006567 0.006378 0.006251 0.006187 
0.010224 0.010291 0.010423 0.010618 0.010873 0.011183 0.011542 0.011945 0.012383 0.012849 0.013334 0.013830 0.014326 0.014814 0.015284 0.015728 0.016135 0.016498 0.016808 0.017059 0.017246 0.017362 0.017405 0.017373 0.017266 0.017083 0.016829 0.016506 0.016119 0.015675 0.015180 0.014641 0.014067 0.013465 0.012845 0.012213 0.011579 0.010950 0.010335 0.009740 0.009172 0.008637 0.008141 0.007689 0.007284 0.006931 0.006633 0.006391 0.006208 0.006086 0.006024 
0.009902 0.009966 0.010092 0.010279 0.010524 0.010821 0.011165 0.011551 0.011971 0.012418 0.012883 0.013357 0.013833 0.014300 0.014751 0.015175 0.015564 0.015911 0.016207 0.016447 0.016625 0.016736 0.016776 0.016745 0.016642 0.016467 0.016222 0.015913 0.015542 0.015116 0.014641 0.014124 0.013573 0.012996 0.012400 0.011793 0.011184 0.010580 0.009989 0.009417 0.008871 0.008357 0.007881 0.007446 0.007057 0.006718 0.006431 0.006199 0.006024 0.005906 0.005847 
0.009558 0.009619 0.009739 0.009918 0.010151 0.010434 0.010763 0.011131 0.011531 0.011957 0.012401 0.012853 0.013307 0.013752 0.014181 0.014585 0.014956 0.015286 0.015568 0.015795 0.015964 0.016069 0.016107 0.016076 0.015977 0.015810 0.015577 0.015281 0.014927 0.014521 0.014067 0.013573 0.013047 0.012495 0.011925 0.011345 0.010762 0.010185 0.009619 0.009072 0.008550 0.008059 0.007603 0.007187 0.006815 0.006491 0.006217 0.005995 0.005827 0.005714 0.005657 
0.009197 0.009254 0.009369 0.009538 0.009759 0.010028 0.010340 0.010690 0.011070 0.011474 0.011895 0.012325 0.012755 0.013178 0.013584 0.013967 0.014319 0.014631 0.014898 0.015113 0.015272 0.015371 0.015407 0.015377 0.015282 0.015123 0.014901 0.014620 0.014284 0.013897 0.013465 0.012996 0.012495 0.011969 0.011427 0.010875 0.010320 0.009770 0.009232 0.008711 0.008214 0.007746 0.007312 0.006916 0.006562 0.006253 0.005991 0.005780 0.005620 0.005513 0.005459 
0.008824 0.008878 0.008986 0.009146 0.009355 0.009609 0.009904 0.010234 0.010593 0.010975 0.011373 0.011779 0.012185 0.012584 0.012968 0.013330 0.013661 0.013956 0.014207 0.014410 0.014560 0.014652 0.014685 0.014656 0.014566 0.014415 0.014205 0.013939 0.013620 0.013253 0.012845 0.012400 0.011925 0.011427 0.010913 0.010389 0.009864 0.009342 0.008832 0.008338 0.007866 0.007423 0.007011 0.006635 0.006299 0.006006 0.005759 0.005558 0.005406 0.005304 0.005253 
